topic;question;a;b;c;d;correctAnswer;explanation;difficulty;language
Einführung und Grundlagen;Welches statistische Ergebnis lieferte der „Chaos-Report“ der Standish Group von 1995 bezüglich IT-Projekten?;Alle Projekte wurden erfolgreich und im Budget abgeschlossen;Nur ca. 16% aller Projekte waren erfolgreich (termingerecht, im Budget, spezifikationskonform);90% der Projekte scheiterten an der Hardware;Agile Projekte waren zu 100% erfolgreich;b;Der Chaos-Report zeigte, dass nur ca. 16% aller IT-Projekte erfolgreich waren, während ca. 31% abgebrochen wurden und 53% den Zeit- und Kostenrahmen sprengten. (Ref: Schwierigkeiten bei der Softwareentwicklung, Folie 58);;DE
Besondere Eigenschaften von IT-Systemen;Warum sind komplexe IT-Systeme laut den Vorlesungsunterlagen besonders konfliktträchtig und schwer zu managen?;Weil Hardwarekosten ständig steigen;Weil Software in kurzer Zeit nicht ausreichend zu spezifizieren ist und Qualitätsbeurteilungen aufwendig sind;Weil es zu wenige Programmiersprachen gibt;Weil der Gesetzgeber IT-Projekte verbietet;b;Softwaresysteme sind schwer zu spezifizieren, aufwendig in der Herstellung und ihre Qualität ist nur schwer kurzfristig zu beurteilen. (Ref: Besondere Eigenschaften von IT-Systemen, Folie 13);;DE
Vertragsrecht (Angebot);Was gilt gemäß § 150 BGB, wenn eine Annahme eines Angebots unter Erweiterungen oder Einschränkungen erfolgt?;Der Vertrag kommt mit den Änderungen zustande;Die Änderungen sind unwirksam, der ursprüngliche Vertrag gilt;Die Annahme gilt als Ablehnung verbunden mit einem neuen Antrag;Der Vertrag ist nichtig wegen Formfehlers;c;§ 150 Abs. 2 BGB: „Eine Annahme unter Erweiterungen, Einschränkungen oder sonstigen Änderungen gilt als Ablehnung verbunden mit einem neuen Antrag.“ (Ref: Zustandekommen eines Vertrags, Folie 19);;DE
Vertragsrecht (Culpa in contrahendo);Ein Softwareanbieter verneint vor Vertragsschluss fälschlicherweise die Frage des Kunden, ob neue Hardware nötig sei. Später stellt sich heraus, dass doch neue Hardware nötig ist. Welche rechtliche Konsequenz droht?;Keine, da noch kein Vertrag geschlossen war;Schadensersatzansprüche wegen Verschuldens bei Vertragsschluss (c.i.c.);Der Kunde muss die Hardware selbst zahlen, da er das Risiko trägt;Der Vertrag wird automatisch in einen Dienstvertrag umgewandelt;b;Falsche Auskünfte in der Anbahnungsphase können zu Schadensersatzansprüchen führen (Culpa in contrahendo), selbst wenn noch kein Vertrag unterschrieben ist. (Ref: Verschulden bei Vertragsabschluss, Folie 20-21);;DE
Vertragsrecht (AGB);Welches Kriterium ist entscheidend für die Wirksamkeit von Allgemeinen Geschäftsbedingungen (AGB)?;Sie müssen notariell beglaubigt sein;Sie müssen handschriftlich verfasst sein;Sie müssen einer Inhaltskontrolle (u.a. Benachteiligungsverbot, Treu und Glauben) standhalten;Sie müssen mindestens 10 Seiten lang sein;c;AGBs unterliegen einer strengen Kontrolle, z.B. nach § 242 BGB (Treu und Glauben) und dürfen den Vertragspartner nicht unangemessen benachteiligen. (Ref: Allgemeine Geschäftsbedingungen, Folie 24);;DE
Vertragsrecht (Abgrenzung);Welches Hauptmerkmal unterscheidet den Werkvertrag vom Dienstvertrag?;Beim Werkvertrag wird nur das Tätigwerden geschuldet;Beim Werkvertrag schuldet der Unternehmer die Herbeiführung eines Erfolgs (das Werk);Beim Dienstvertrag gibt es eine Abnahmepflicht;Beim Dienstvertrag trägt der Auftragnehmer das Erfolgsrisiko;b;Der Werkunternehmer schuldet die Herstellung des versprochenen Werkes (Erfolg), während der Dienstverpflichtete nur die Dienste (Tätigkeit) schuldet. (Ref: Unterschiede der einzelnen Vertragstypen, Folie 29/38);;DE
Vertragsrecht (Vergütung);Wann gilt eine Vergütung im Werkvertragsrecht gemäß § 632 BGB als stillschweigend vereinbart?;Nur wenn sie schriftlich fixiert wurde;Wenn die Herstellung des Werkes den Umständen nach nur gegen eine Vergütung zu erwarten ist;Wenn der Auftraggeber ein Kaufmann ist;Niemals, Vergütung muss immer explizit genannt werden;b;§ 632 Abs. 1 BGB: „Eine Vergütung gilt als stillschweigend vereinbart, wenn die Herstellung des Werkes den Umständen nach nur gegen eine Vergütung zu erwarten ist.“ (Ref: Vereinbarung der Vergütung, Folie 23);;DE
Vertragsrecht (Softwareanpassung);Wie wird die Anpassung von Standardsoftware (Customizing) rechtlich meist eingeordnet, wenn der Auftragnehmer auch die Software liefert?;Als reiner Dienstvertrag;Als Kaufvertrag (Werklieferungsvertrag) über § 651 BGB;Als Mietvertrag;Als Schenkung;b;Die Lieferung und Anpassung durch den Auftragnehmer wird oft über § 651 BGB (Werklieferungsvertrag) dem Kaufrecht zugeordnet. (Ref: Einordnung von Softwareanpassung, Folie 46);;DE
Vertragsrecht (Abnahme);Wie definiert § 640 BGB die Abnahmeverpflichtung des Bestellers?;Der Besteller darf die Abnahme jederzeit ohne Grund verweigern;Der Besteller ist verpflichtet, das vertragsmäßig hergestellte Werk abzunehmen;Die Abnahme ist freiwillig;Die Abnahme erfolgt automatisch nach 2 Tagen;b;§ 640 Abs. 1 BGB: „Der Besteller ist verpflichtet, das vertragsmäßig hergestellte Werk abzunehmen, sofern nicht nach der Beschaffenheit des Werkes die Abnahme ausgeschlossen ist.“ (Ref: Die Abnahme beim Werkvertrag, Folie 31);;DE
Vertragsrecht (Abnahmefiktion);Unter welcher Voraussetzung gilt ein Werk gemäß § 640 Abs. 2 BGB auch ohne ausdrückliche Erklärung als abgenommen?;Wenn der Unternehmer dem Besteller eine angemessene Frist gesetzt hat und der Besteller die Abnahme nicht unter Angabe mindestens eines Mangels verweigert hat;Wenn der Besteller die Rechnung bezahlt;Wenn das Werk zu 50% fertiggestellt ist;Wenn der Projektleiter des Auftragnehmers dies bestimmt;a;§ 640 Abs. 2 BGB: „Als abgenommen gilt ein Werk auch, wenn der Unternehmer dem Besteller nach Fertigstellung des Werks eine angemessene Frist zur Abnahme gesetzt hat und der Besteller die Abnahme nicht innerhalb dieser Frist unter Angabe mindestens eines Mangels verweigert hat.“ (Ref: Die Abnahme beim Werkvertrag, Folie 31);;DE
Vertragsrecht (Mängelvorbehalt);Welche Konsequenz hat es gemäß § 640 Abs. 3 BGB, wenn der Besteller ein Werk abnimmt, obwohl er einen Mangel kennt, sich die Rechte aber nicht vorbehält?;Er verliert die Mängelrechte (Nacherfüllung, Selbstvornahme, Rücktritt/Minderung) bezüglich dieses Mangels;Er kann die Mängel später jederzeit geltend machen;Der Vertrag wird nichtig;Die Gewährleistungsfrist verlängert sich auf 10 Jahre;a;§ 640 Abs. 3 BGB: „Nimmt der Besteller ein mangelhaftes Werk […] ab, obschon er den Mangel kennt, so stehen ihm die in § 634 Nr. 1 bis 3 bezeichneten Rechte nur zu, wenn er sich seine Rechte wegen des Mangels bei der Abnahme vorbehält.“ (Ref: Die Abnahme beim Werkvertrag, Folie 32);;DE
Vertragsrecht (Mängelrechte);Welches Recht steht dem Besteller bei einem Mangel gemäß § 634 BGB *nicht* sofort zu, sondern ist nachrangig?;Nacherfüllung;Sofortiger Rücktritt ohne Fristsetzung;Minderung;Schadensersatz;b;Der Rücktritt (§§ 636, 323 BGB) ist nachrangig und erfordert i.d.R. eine Fristsetzung zur Nacherfüllung, es sei denn, diese ist fehlgeschlagen oder unzumutbar. (Ref: Rechte des Bestellers bei Mängeln, Folie 32-33);;DE
Vertragsrecht (Nacherfüllung);Was versteht man unter Nacherfüllung im Werkvertragsrecht?;Die Rückzahlung des Werklohns;Den Anspruch auf Beseitigung des Mangels oder Neuherstellung des Werkes;Die Kündigung des Vertrages;Den Anspruch auf Schadensersatz neben der Leistung;b;Nacherfüllung ist der Anspruch auf Nachbesserung oder Nachlieferung bei einem Mangel. (Ref: Rechte des Bestellers bei Mängeln, Folie 33);;DE
Vertragsrecht (Kündigung);Welche Rechtsfolge sieht § 648 BGB vor, wenn der Besteller einen Werkvertrag „frei“ kündigt (ohne wichtigen Grund)?;Der Unternehmer erhält gar keine Vergütung;Der Unternehmer erhält die volle vereinbarte Vergütung abzüglich ersparter Aufwendungen;Der Unternehmer muss Schadensersatz zahlen;Der Vertrag läuft weiter bis zum Ende;b;Der Besteller kann jederzeit kündigen, muss aber die vereinbarte Vergütung zahlen, abzüglich dessen, was der Unternehmer infolge der Aufhebung des Vertrags erspart. (Ref: Beendigung beim Werkvertrag, Folie 36);;DE
Vertragsrecht (Gefahrübergang);Wann geht die „Gefahr“ (Risiko des zufälligen Untergangs) beim Werkvertrag auf den Besteller über?;Bei Vertragsunterschrift;Mit der Abnahme (§ 644 BGB);Mit der ersten Teilzahlung;Erst nach Ablauf der Gewährleistung;b;Mit der Abnahme geht die Gefahr auf den Besteller über (§ 644 BGB). (Ref: Folgen der Abnahme, Folie 35);;DE
Vertragsrecht (Dienstvertrag);Wie endet ein Dienstverhältnis gemäß § 620 Abs. 1 BGB, wenn es auf eine bestimmte Zeit eingegangen wurde?;Nur durch Kündigung;Mit Ablauf der Zeit;Durch Tod des Dienstberechtigten;Es endet nie automatisch;b;§ 620 Abs. 1 BGB: „Das Dienstverhältnis endigt mit dem Ablauf der Zeit, für die es eingegangen ist.“ (Ref: Beendigung beim Dienstvertrag, Folie 41);;DE
Vertragsrecht (Beweislast);Wie ändert sich die Beweislast durch die Abnahme?;Die Beweislast bleibt immer beim Auftragnehmer;Vor der Abnahme muss der AN die Mangelfreiheit beweisen, danach muss der AG den Mangel beweisen;Vor der Abnahme muss der AG den Mangel beweisen, danach der AN;Die Beweislast spielt im Werkvertrag keine Rolle;b;„Kippen der Beweislast“: Bis zur Abnahme ist der AN beweisbelastet, ab der Abnahme der AG. (Ref: Folgen der Abnahme, Folie 35);;DE
Vorgehensmodelle (V-Modell XT);Für welchen Anwendungsbereich wird das V-Modell XT besonders empfohlen und genutzt?;Für kleine Web-Startups;Für öffentliche Auftraggeber und Bundesbehörden;Ausschliesslich für die Automobilindustrie;Für reine Hardware-Projekte;b;Das V-Modell XT wird für öffentliche Auftraggeber empfohlen und ist Bestandteil der EVB-IT. (Ref: V-Modell XT, Folie 65);;DE
Vorgehensmodelle (Agil);Welcher Grundsatz gehört zum „Agilen Manifest“?;Prozesse und Werkzeuge über Individuen und Interaktionen;Umfassende Dokumentation über funktionierende Software;Reagieren auf Veränderungen über das Befolgen eines Plans;Vertragsverhandlung über Zusammenarbeit mit dem Kunden;c;„Responding to change over following a plan“ (Reagieren auf Veränderungen mehr als das Befolgen eines Plans). (Ref: Manifest für agile Softwareentwicklung, Folie 68);;DE
Vorgehensmodelle (Scrum);Welche Rolle in Scrum ist dafür zuständig, Hindernisse für das Team zu beseitigen und den Prozess zu moderieren?;Product Owner;Scrum Master;Stakeholder;Project Manager;b;Der Scrum Master sorgt für die Einhaltung des Prozesses und beseitigt Hindernisse (vgl. Grafik/Rollen). (Ref: Scrum, Folie 72);;DE
Vorgehensmodelle (Recht);Warum birgt die Kombination von agilen Methoden und Werkvertragsrecht Risiken?;Weil agile Methoden gesetzlich verboten sind;Weil bei agilen Methoden zu Beginn oft kein detailliertes Pflichtenheft vorliegt, was die Definition des „Werkerfolgs“ erschwert;Weil Werkverträge nur für Hardware gelten;Weil agile Teams keine Verträge unterschreiben;b;Ohne detailliertes Pflichtenheft ist der geschuldete „Erfolg“ des Werkvertrags schwer zu definieren (Unschärfe). (Ref: Betrachtung aus rechtlicher Sicht, Folie 74-75);;DE
Vorgehensmodelle (Change Request);Warum ist ein Change-Request-Verfahren auch in agilen Projekten notwendig?;Um den Kunden zu ärgern;Um bei Abweichungen vom ursprünglichen Budget/Rahmen die Vertragsanpassung formal zu regeln;Weil Scrum es verbietet;Es ist in agilen Projekten nicht notwendig;b;Auch agile Projekte brauchen ein CR-Verfahren, um Budget- und Zeitrahmenanpassungen vertraglich abzusichern. (Ref: Betrachtung aus rechtlicher Sicht, Folie 73/77);;DE
Projektmanagement (Planung);Was ist ein wesentlicher Bestandteil eines Projektplans neben den Terminen?;Der Speiseplan der Kantine;Ressourcenplanung und Meilensteine;Die privaten Telefonnummern aller Mitarbeiter;Nur das Enddatum;b;Ein Projektplan enthält Aktivitäten, Fristen, Meilensteine und Ressourcen. (Ref: Bestandteile einer Projektplanung, Folie 90);;DE
Projektmanagement (Meilenstein);Wie wird ein Meilenstein nach DIN 69900-1 definiert?;Als ein Ereignis von besonderer Bedeutung;Als das Projektende;Als ein Fehler im Projekt;Als ein Meeting;a;Nach DIN 69900-1 ist ein Meilenstein „Ein Ereignis von besonderer Bedeutung“. (Ref: Meilenstein, Folie 92);;DE
Projektmanagement (Verantwortung);Wer trägt beim Werkvertrag rechtlich die Erfolgsverantwortung und damit faktisch die Projektleitung?;Der Auftraggeber;Der Auftragnehmer;Ein externer Berater;Niemand;b;Da der Auftragnehmer den Erfolg schuldet (§ 631 BGB), liegt die Projektverantwortung und damit die Leitung bei ihm. (Ref: Projektstruktur, Erfolgsverantwortung, Folie 84);;DE
Spezifikation (Begriffe);Was ist ein „Lastenheft“ gemäß DIN 69901-5?;Die vom Auftragnehmer erarbeiteten Realisierungsvorgaben;Die vom Auftraggeber festgelegte Gesamtheit der Forderungen;Das technische Handbuch;Die Rechnung;b;Lastenheft: „Vom Auftraggeber festgelegte Gesamtheit der Forderungen...“. (Ref: Lastenheft, Folie 97);;DE
Spezifikation (Pflichtenheft);Was ist ein „Pflichtenheft“ gemäß DIN 66901-5?;Die Anforderungsliste des Kunden;Die vom Auftragnehmer erarbeiteten Realisierungsvorgaben auf Basis des Lastenhefts;Ein Gesetzbuch;Eine AGB-Sammlung;b;Pflichtenheft: „...vom Auftragnehmer erarbeitete Realisierungsvorgaben...“. (Ref: Pflichtenheft, Folie 97);;DE
Spezifikation (Rechtsprechung);Welche Qualität schuldet der Auftragnehmer laut BGH, wenn kein Pflichtenheft existiert?;Die bestmögliche Qualität („State of the Art“);Einen mittleren Ausführungsstandard (Stand der Technik);Nur, dass das Programm nicht abstürzt;Gar keine Qualität;b;Mangels Pflichtenheft ist ein Ergebnis geschuldet, das dem Stand der Technik bei mittlerem Ausführungsstandard entspricht (BGH ZR 1992, 543). (Ref: Das fehlende Pflichtenheft, Folie 105);;DE
Spezifikation (Inhalt);Was gehört zu den „nicht-funktionalen Anforderungen“ eines Fachfeinkonzepts?;Geschäftsprozesse;Datenmodelle;Performance, Antwortzeiten und Sicherheit;Funktionsaufrufe;c;Nicht-funktionale Anforderungen umfassen Leistung, Effizienz, Sicherheit, Zuverlässigkeit etc. (Ref: Nicht-funktionale Anforderungen, Folie 100);;DE
Spezifikation (Vergessen);Was gilt rechtlich, wenn die Parteien ein Pflichtenheft vereinbart hatten, es aber „vergessen“ und trotzdem mit der Programmierung begonnen haben?;Der Vertrag ist nichtig;Die Pflicht zur Erstellung entfällt durch die tatsächliche Durchführung, es gilt mittlerer Standard;Der Auftragnehmer muss alles neu machen;Der Auftraggeber muss Schadensersatz zahlen;b;Das „vergessene“ Pflichtenheft wird als Leistungspflicht hinfällig; es gilt der mittlere Ausführungsstandard (BGH). (Ref: Das vergessene Pflichtenheft, Folie 107);;DE
Spezifikation (Hierarchie);Was steht in der „Hierarchie der Beschaffenheitsebenen“ an erster Stelle?;Die gewöhnliche Verwendung;Die vereinbarte Beschaffenheit;Die Werbung des Herstellers;Die DIN-Normen;b;Ebene I ist die konkret vereinbarte Beschaffenheit. (Ref: Hierarchie der Beschaffenheitsebenen, Folie 110);;DE
Vertragsbestandteile (Change Management);Welches Gremium ist für die Handhabung von Änderungen (Change Requests) essentiell?;Der Betriebsrat;Das Change Control Board (CCB);Die Personalabteilung;Das Marketing;b;Für die Handhabung von Änderungen ist ein Change Control Board unerlässlich. (Ref: Tipps zum Projektmanagement, Folie 94);;DE
Spezifikation (Vernichtung);Wer muss laut BGH das Pflichtenheft wiederbeschaffen, wenn es (z.B. durch Brand) vernichtet wurde?;Die Feuerwehr;Der Auftraggeber (da es seine Anforderungen enthält/basiert);Der Auftragnehmer;Niemand, das Projekt endet;b;Zu den Pflichten des Auftraggebers gehört die Nachlieferung nach Verlust (BGH CR 1995, 265). (Ref: Das verbrannte Pflichtenheft, Folie 113);;DE
Vertragsrecht (Hinterlegung);Was wird in einer „Hinterlegungsvereinbarung“ (Escrow) typischerweise hinterlegt?;Geld;Der Quellcode (Source Code) der Software;Die Hardware;Die Büroschlüssel;b;Hinterlegungsvereinbarungen betreffen meist den Quellcode für den Fall der Insolvenz des Anbieters. (Ref: Bestandteile eines komplexen IT-Vertrags, Folie 56);;DE
Vertragsrecht (Kündigungsform);Welche Form sollte für eine Kündigung im IT-Vertrag vereinbart werden?;Mündlich;Per WhatsApp;Schriftform;Konkludentes Handeln;c;Schriftform einer Kündigung wird als Vertragsbestandteil empfohlen. (Ref: Bestandteile eines komplexen IT-Vertrags, Folie 54);;DE
Vertragsrecht (Invitatio);Was ist eine „Invitatio ad offerendum“?;Ein verbindliches Angebot;Eine Aufforderung zur Abgabe eines Angebots (z.B. Schaufenster);Eine Annahme;Ein Vertragsschluss;b;Ist der Vertragspartner nicht bestimmt (z.B. Anzeige), liegt nur eine Aufforderung zur Abgabe eines Angebots vor. (Ref: Angebot, Folie 17);;DE
Vertragsrecht (Teilabnahme);Besteht ein gesetzlicher Anspruch auf Teilabnahmen beim Werkvertrag?;Ja, immer;Nein, nur bei entsprechender vertraglicher Vereinbarung;Ja, ab 50% Fertigstellung;Ja, wenn der AN es will;b;Anspruch auf Teilabnahme besteht nur bei entsprechender vertraglicher Vereinbarung. (Ref: Teilabnahmen, Folie 34);;DE
Vertragsrecht (Dienstvertrag Kündigung);Aus welchem Grund kann ein Dienstvertrag fristlos gekündigt werden (§ 626 BGB)?;Wegen schlechtem Wetter;Aus wichtigem Grund;Wenn das Projekt zu teuer wird;Gar nicht;b;§ 626 BGB erlaubt die fristlose Kündigung aus wichtigem Grund. (Ref: Beendigung beim Dienstvertrag, Folie 41);;DE
Projektmanagement (Rollen);Welche Gefahr besteht, wenn AG und AN die Projektleitung „paritätisch“ und „gemeinsam“ wahrnehmen („Kooperation“)?;Das Projekt wird besonders erfolgreich;Es entsteht ein Dienstvertrag statt eines Werkvertrags oder die AGBs werden unwirksam;Die Kosten sinken;Der Termin wird sicher gehalten;b;Wenn der AG zu viel Mitsprache hat, verwässert die Erfolgsverantwortung des AN, was den Werkvertragscharakter gefährdet. (Ref: Projektstruktur, Erfolgsverantwortung, Folie 85/87);;DE
Vorgehensmodelle (XP);Was ist ein Merkmal von Extreme Programming (XP)?;Ausführliche Dokumentation vorab;Pair Programming (Programmieren in Paaren);Lange Release-Zyklen;Keine Tests;b;Zu XP gehört „programming in pairs“ und „collective code ownership“. (Ref: XP, Folie 71);;DE
Vorgehensmodelle (Wasserfall);Wie ist der Ablauf beim Wasserfallmodell?;Iterativ und zirkulär;Streng sequentiell (Phase nach Phase);Chaotisch;Parallel in allen Phasen;b;Das Wasserfallmodell ist durch aufeinanderfolgende Phasen (Analyse -> Design -> Impl -> Test) gekennzeichnet. (Ref: Wasserfall, Folie 64);;DE
PM Praxis (Lenkungsausschuss);Wer sollte idealerweise im Lenkungsausschuss sitzen?;Nur die Programmierer;Die Gesamtprojektleiter und Mitglieder der Geschäftsleitung;Der Hausmeister;Nur externe Berater;b;Gesamtprojektleiter und direkt der GL unterstellte Mitglieder bilden den Lenkungsausschuss. (Ref: Mustervorschlag Gremien, Folie 86);;DE
Spezifikation (Verantwortung Lücken);Wer trägt das Risiko für Lücken im Pflichtenheft, die erst später entdeckt werden, wenn der AN es erstellt hat?;Der Auftraggeber, weil er es unterschrieben hat;Der Auftragnehmer (Expertenverantwortung);Niemand;Der Staat;b;Der Auftragnehmer schuldet ein funktionierendes Werk; Lücken im von ihm erstellten Konzept gehen oft zu seinen Lasten (Hierarchie der Beschaffenheit). (Ref: Das unvollständige Pflichtenheft, Folie 109);;DE
Vertragsrecht (Haftung);Gilt die gesetzliche Haftung beim Werkvertrag für entgangenen Gewinn?;Nein, nie;Ja, die Haftung gilt grundsätzlich für jede Art von Schäden, wenn nicht begrenzt;Nur bei Vorsatz;Nur für Personenschäden;b;Die gesetzliche Haftung gilt für jede Art von Schäden (auch entgangene Gewinne), daher sollte sie vertraglich begrenzt werden. (Ref: Haftung beim Werkvertrag, Folie 37);;DE
Vertragsrecht (Pre-Sales);Warum sollten Vertriebsaussagen („Wir können alles“) dokumentiert werden?;Für das Marketing;Um im Streitfall Diskrepanzen zwischen Versprechen und Realität beweisen zu können (Culpa in contrahendo);Damit der Vertrieb Provision bekommt;Es ist rechtlich irrelevant;b;Übertriebene Zusagen können zu Schadensersatzansprüchen führen; Dokumentation hilft bei der Beweisführung. (Ref: Vertriebliche Zusagen, Folie 19-21);;DE
Projektmanagement (Dauer);Welche PM-Aktivität benötigt laut Folien oft am meisten Zeit und ist kontinuierlich?;Das Feiern von Erfolgen;Die Projektplanung;Das Einstellungsgespräch;Die Reisekostenabrechnung;b;Die Projektplanung ist eine kontinuierliche Aktivität über das ganze Projekt hinweg. (Ref: Projektplanung, Folie 88);;DE
Spezifikation (Widerspruch);Was gilt laut BGH bei einem widersprüchlichen Pflichtenheft, wenn der Fehler für den AN nicht offensichtlich war?;Der Vertrag ist nichtig;Es gilt ein mittlerer Ausführungsstandard;Der AG muss Schadensersatz zahlen;Der AN darf die Arbeit einstellen;b;Wenn der AN den Widerspruch nicht erkennen musste, schuldet er einen mittleren Ausführungsstandard (BGH 16.12.2003). (Ref: Das widersprüchliche Pflichtenheft, Folie 112);;DE
Einführung (Problemkreise);Was ist KEIN zentraler Problemkreis in IT-Projekten laut Folien?;Unklarer Leistungsgegenstand;Mangelnde Mitwirkung;Zu viel Dokumentation;Unkontrollierte Änderungen;c;Genannt wird „Mangelhafte / fehlende Dokumentation“, nicht zu viel. (Ref: Zentrale Problemkreise, Folie 6);;DE
Vertragsrecht (Stellvertretung);Nach welchen Paragraphen richtet sich die Stellvertretung beim Vertragsschluss?;§§ 164 ff. BGB;§ 823 BGB;§ 1 BGB;§ 90 BGB;a;Eine Partei kann sich grundsätzlich gemäß §§ 164 ff. BGB vertreten lassen. (Ref: Angebot, Folie 16);;DE
Vertragsrecht (Kostenanschlag);Ist ein Kostenanschlag gemäß § 632 Abs. 3 BGB im Zweifel zu vergüten?;Ja, immer;Nein, im Zweifel nicht;Ja, wenn er hoch ist;Ja, bei Kaufleuten;b;§ 632 Abs. 3 BGB: „Ein Kostenanschlag ist im Zweifel nicht zu vergüten.“ (Ref: Vergütung, Folie 24);;DE
Vertragsrecht (Vergleich);Vergleichen Sie Werk- und Dienstvertrag hinsichtlich der Erfolgsverantwortung.;;;;;;Beim Werkvertrag schuldet der Unternehmer einen konkreten Erfolg (das Werk, § 631 BGB) und trägt das Erfolgsrisiko. Beim Dienstvertrag wird nur das Tätigwerden (die Dienstleistung, § 611 BGB) geschuldet, ohne Garantie für einen Erfolg. (Ref: Unterschiede der einzelnen Vertragstypen, Folie 47);;DE
Agile Methoden;Diskutieren Sie den Zielkonflikt zwischen agilen Methoden und dem Werkvertragsrecht.;;;;;;Das Werkvertragsrecht setzt ein spezifiziertes, abnahmefähiges Werk voraus. Agile Methoden (Scrum) starten oft mit unscharfen Anforderungen („Working software over documentation“), was die Definition des „geschuldeten Erfolgs“ erschwert. Lösung: Agile Festpreismodelle oder Dienstverträge, striktes Change Management, oder Definition von Sprints als Teilwerke. (Ref: Betrachtung aus rechtlicher Sicht, Folie 74-76);;DE
Spezifikation (Rechtsprechung);Erläutern Sie die Rechtsfolgen eines fehlenden Pflichtenhefts laut BGH-Rechtsprechung.;;;;;;Fehlt das Pflichtenheft, ist der Vertrag meist dennoch wirksam. Geschuldet ist dann ein Ergebnis, das dem „Stand der Technik bei mittlerem Ausführungsstandard“ entspricht. Der Auftraggeber kann keine speziellen subjektiven Wünsche mehr durchsetzen, die nicht dokumentiert wurden. (Ref: Das fehlende Pflichtenheft, Folie 105);;DE
Abnahme;Beschreiben Sie den Prozess und die Rechtsfolgen der Abnahme (§ 640 BGB).;;;;;;Der Besteller prüft das Werk und erklärt (ausdrücklich, schlüssig oder per Fiktion), dass er es als im Wesentlichen vertragsgemäß anerkennt. Rechtsfolgen: Fälligkeit der Vergütung (§ 641), Gefahrübergang (§ 644), Umkehr der Beweislast bei Mängeln, Beginn der Verjährung (§ 634a), Verlust von Mängelrechten bei bekannten Fehlern ohne Vorbehalt. (Ref: Folgen der Abnahme, Folie 35);;DE
Projektverantwortung;Warum muss beim Werkvertrag die Projektleitung zwingend beim Auftragnehmer liegen?;;;;;;Da der Auftragnehmer für den „Erfolg“ des Werkes haftet (§ 631 BGB), muss er auch die Kontrolle über die Mittel und Wege zur Erreichung dieses Erfolgs haben (Planung, Steuerung). Würde der AG leiten, könnte der AN nicht mehr für den Misserfolg haftbar gemacht werden (Verwässerung der Verantwortung). (Ref: Projektstruktur, Erfolgsverantwortung, Folie 84/87);;DE
Allgemeines Vertragsrecht (§§ 145 f. BGB);Was ist eine wesentliche Voraussetzung für das Zustandekommen eines Vertrags durch Angebot und Annahme gemäß §§ 145 f. BGB?;Dass der Vertrag notariell beglaubigt ist;Dass sich die Parteien über alle vertragswesentlichen Bestandteile (essentialia negotii) geeinigt haben;Dass eine Anzahlung geleistet wurde;Dass der Vertrag mindestens 10 Seiten umfasst;b;Ein Angebot muss so bestimmt sein, dass der Empfänger es mit einem einfachen „Ja“ annehmen kann und die wesentlichen Bestandteile enthält. (Ref: Angebot, Folie 16);;DE
Allgemeines Vertragsrecht (§ 150 BGB);Ein Kunde nimmt ein Angebot für eine Softwareentwicklung an, fügt aber handschriftlich hinzu: „Zahlbar erst 60 Tage nach Lieferung“. Welche Rechtsfolge hat dies gemäß § 150 Abs. 2 BGB?;Der Vertrag kommt mit der 60-Tage-Klausel zustande;Der Vertrag kommt ohne die Klausel zustande;Die Annahme gilt als Ablehnung verbunden mit einem neuen Antrag;Der Vertrag ist wegen Formfehlers nichtig;c;Eine Annahme unter Erweiterungen oder Änderungen gilt als Ablehnung verbunden mit einem neuen Antrag. (Ref: Zustandekommen eines Vertrags, Folie 19);;DE
Allgemeines Vertragsrecht (§§ 164 ff. BGB);In welchem rechtlichen Rahmen kann sich eine Partei bei Vertragsabschluss durch eine andere Person vertreten lassen?;Nach §§ 164 ff. BGB (Stellvertretung);Nach § 823 BGB (Schadensersatz);Gar nicht, Verträge müssen persönlich unterschrieben werden;Nur durch einen Anwalt;a;Eine Partei kann sich grundsätzlich gemäß §§ 164 ff. BGB vertreten lassen. (Ref: Angebot, Folie 16);;DE
Allgemeines Vertragsrecht (§§ 138, 242 BGB);Welche Paragraphen werden herangezogen, um AGBs einer Inhaltskontrolle zu unterziehen (z.B. bei Sittenwidrigkeit oder Verstoß gegen Treu und Glauben)?;§§ 433 und 434 BGB;§§ 138 und 242 BGB;§§ 631 und 632 BGB;§ 1 BGB;b;Als Maßstab für die AGB-Kontrolle gelten u.a. § 242 BGB (Treu und Glauben) sowie § 138 BGB (Sittenwidriges Rechtsgeschäft). (Ref: Allgemeine Geschäftsbedingungen, Folie 24);;DE
Kaufrecht (§ 433 Abs. 1 BGB);Was schuldet der Verkäufer dem Käufer gemäß § 433 Abs. 1 BGB?;Die Herstellung eines Werkes;Die Übergabe der Sache und Verschaffung des Eigentums sowie Mängelfreiheit;Das Tätigwerden ohne Erfolgsgarantie;Die Vermietung der Sache;b;Der Verkäufer schuldet Übergabe, Eigentumsverschaffung und Freiheit von Sach- und Rechtsmängeln. (Ref: Kaufvertrag, Folie 28);;DE
Kaufrecht (§ 433 Abs. 2 BGB);Welche Hauptpflicht hat der Käufer gemäß § 433 Abs. 2 BGB?;Das Werk abzunehmen und zu prüfen;Den Kaufpreis zu zahlen und die Sache abzunehmen (entgegenzunehmen);Eine Mängelrüge zu schreiben;Den Verkäufer zu beraten;b;Der Käufer schuldet die Zahlung des Kaufpreises und die Abnahme (Entgegennahme) der Sache. (Ref: Kaufvertrag, Folie 29);;DE
Werklieferungsvertrag (§ 651 BGB);Wie wird die Lieferung herzustellender beweglicher Sachen (z.B. Standardsoftwareanpassung durch Lieferung neuer Software) rechtlich oft eingeordnet?;Als Dienstvertrag;Als Mietvertrag;Über § 651 BGB als Werklieferungsvertrag, auf den Kaufrecht Anwendung findet;Als Schenkung;c;Die Lieferung herzustellender beweglicher Sachen wird über § 651 BGB dem Kaufrecht zugeordnet (Werklieferungsvertrag). (Ref: Einordnung von Softwareanpassung, Folie 46);;DE
Werkvertragsrecht (§ 631 BGB);Was ist die vertragstypische Pflicht des Unternehmers beim Werkvertrag nach § 631 BGB?;Er schuldet das Bemühen um einen Erfolg;Er schuldet die Herstellung des versprochenen Werkes (den Erfolg);Er schuldet die Überlassung einer Sache auf Zeit;Er schuldet Beratung;b;Der Unternehmer schuldet die Herstellung des versprochenen Werkes (Erfolg). (Ref: Werkvertrag, Folie 29);;DE
Werkvertragsrecht (§ 632 BGB);Wann gilt eine Vergütung gemäß § 632 BGB als stillschweigend vereinbart?;Wenn der Besteller reich ist;Wenn die Herstellung des Werkes den Umständen nach nur gegen eine Vergütung zu erwarten ist;Nur bei schriftlicher Vereinbarung;Wenn der Unternehmer dies nach Projektende fordert;b;Eine Vergütung gilt als stillschweigend vereinbart, wenn die Herstellung nur gegen Vergütung zu erwarten ist. (Ref: Vereinbarung der Vergütung, Folie 23);;DE
Werkvertragsrecht (§ 641 BGB);Wann wird die Vergütung beim Werkvertrag gemäß § 641 BGB fällig?;Sofort bei Vertragsschluss;In monatlichen Raten;Mit der Abnahme des Werkes;Erst nach Ablauf der Gewährleistungsfrist;c;Die Vergütung ist bei der Abnahme des Werkes zu entrichten. (Ref: Folgen der Abnahme, Folie 35);;DE
Werkvertragsrecht (§ 644 BGB);Welches Ereignis löst gemäß § 644 BGB den Gefahrübergang (Risiko des zufälligen Untergangs) auf den Besteller aus?;Die Unterschrift unter den Vertrag;Die Lieferung des Quellcodes;Die Abnahme;Die erste Teilzahlung;c;Mit der Abnahme geht die Gefahr auf den Besteller über. (Ref: Folgen der Abnahme, Folie 35);;DE
Werkvertragsrecht (§ 640 Abs. 1 BGB);Unter welcher Voraussetzung ist der Besteller gemäß § 640 Abs. 1 BGB zur Abnahme verpflichtet?;Wenn das Werk vertragsgemäß hergestellt ist (und nur unwesentliche Mängel hat);Wenn er Lust dazu hat;Wenn der Unternehmer dringend Geld braucht;Erst wenn das Werk absolut fehlerfrei (0 Fehler) ist;a;Der Besteller ist verpflichtet, das vertragsmäßig hergestellte Werk abzunehmen; wegen unwesentlicher Mängel kann die Abnahme nicht verweigert werden. (Ref: Die Abnahme beim Werkvertrag, Folie 31);;DE
Werkvertragsrecht (§ 640 Abs. 2 BGB);Was regelt die Abnahmefiktion in § 640 Abs. 2 BGB?;Dass eine Abnahme nie automatisch erfolgt;Dass das Werk als abgenommen gilt, wenn der Besteller innerhalb einer angemessenen Frist die Abnahme nicht unter Angabe mindestens eines Mangels verweigert;Dass der Unternehmer die Abnahme selbst erklären kann;Dass Schweigen immer als Ablehnung gilt;b;Als abgenommen gilt ein Werk, wenn der Besteller die Abnahme nicht innerhalb einer angemessenen Frist unter Angabe mindestens eines Mangels verweigert. (Ref: Die Abnahme beim Werkvertrag, Folie 31);;DE
Werkvertragsrecht (§ 640 Abs. 3 BGB);Ein Kunde nimmt eine Software ab, obwohl er weiß, dass die Druckfunktion fehlt. Er äußert keinen Vorbehalt. Was ist die Folge nach § 640 Abs. 3 BGB?;Er kann später Nacherfüllung für die Druckfunktion verlangen;Er verliert die Mängelrechte bezüglich dieses bekannten Mangels;Der Vertrag ist nichtig;Er bekommt 50% Rabatt;b;Kennt der Besteller den Mangel bei Abnahme und behält sich die Rechte nicht vor, verliert er die Mängelrechte (§ 634 Nr. 1-3) für diesen Mangel. (Ref: Die Abnahme beim Werkvertrag, Folie 32);;DE
Werkvertragsrecht (§ 633 BGB);Was schuldet der Unternehmer dem Besteller gemäß § 633 BGB hinsichtlich der Qualität?;Eine durchschnittliche Qualität;Die Freiheit von Sach- und Rechtsmängeln;Die bestmögliche Qualität am Markt;Eine Qualität, die dem Kunden gefällt;b;Der Unternehmer hat dem Besteller das Werk frei von Sach- und Rechtsmängeln zu verschaffen. (Ref: Werkvertrag, Folie 29);;DE
Werkvertragsrecht (§ 634 BGB);Welches Recht zählt *nicht* zu den unmittelbaren oder mittelbaren Mängelrechten nach § 634 BGB?;Nacherfüllung;Minderung;Kostenlose Schulung;Rücktritt;c;Kostenlose Schulung ist kein gesetzliches Mängelrecht. Genannt sind Nacherfüllung, Selbstvornahme, Rücktritt/Minderung, Schadensersatz. (Ref: Rechte des Bestellers bei Mängeln, Folie 32-33);;DE
Werkvertragsrecht (§ 634a BGB);Wie lange ist die reguläre Verjährungsfrist für Mängelansprüche bei Werkverträgen (außer Bauwerke) gemäß § 634a Abs. 1 BGB?;6 Monate;2 Jahre (bei Herstellung einer Sache), sonst 3 Jahre (regelmäßige Verjährung);5 Jahre;30 Jahre;b;Für die Herstellung beweglicher Sachen beträgt sie 2 Jahre, ansonsten gilt oft die regelmäßige Verjährungsfrist (3 Jahre, § 195 BGB) bzw. spezifische Fristen je nach Werkart. (Ref: Unterschiede der einzelnen Vertragstypen, Folie 48);;DE
Werkvertragsrecht (§ 635 BGB);Was beinhaltet der Anspruch auf Nacherfüllung gemäß § 635 BGB?;Nur Schadensersatz;Das Wahlrecht des Unternehmers zwischen Mängelbeseitigung und Neuherstellung;Das Wahlrecht des Bestellers;Eine sofortige Preisminderung;b;Der Unternehmer kann nach seiner Wahl den Mangel beseitigen oder ein neues Werk herstellen. (Ref: Werkvertrag, Folie 29);;DE
Werkvertragsrecht (§ 637 BGB);Wann darf der Besteller den Mangel selbst beseitigen (Selbstvornahme) und Ersatz der Aufwendungen verlangen (§ 637 BGB)?;Sofort, wenn er den Mangel sieht;Wenn der Unternehmer eine angemessene Frist zur Nacherfüllung hat verstreichen lassen;Wenn der Unternehmer ihm unsympathisch ist;Niemals;b;Voraussetzung ist in der Regel der erfolglose Ablauf einer zur Nacherfüllung bestimmten angemessenen Frist. (Ref: Rechte des Bestellers bei Mängeln, Folie 32);;DE
Werkvertragsrecht (§ 638 BGB);Was bedeutet Minderung gemäß § 638 BGB?;Der Vertrag wird rückabgewickelt;Die Vergütung wird im Verhältnis des Wertes des mangelfreien Werkes zum wirklichen Wert herabgesetzt;Der Unternehmer muss eine Strafe zahlen;Der Besteller bekommt das Werk geschenkt;b;Statt zurückzutreten, kann der Besteller die Vergütung mindern. (Ref: Rechte des Bestellers bei Mängeln, Folie 33);;DE
Werkvertragsrecht (§§ 636, 323, 326 BGB);Welche Voraussetzung muss für einen Rücktritt vom Werkvertrag (§§ 636, 323 BGB) in der Regel erfüllt sein?;Der Mangel muss unerheblich sein;Es muss eine Frist zur Nacherfüllung erfolglos gesetzt worden sein (oder entbehrlich sein);Der Besteller muss sofort kündigen;Der Unternehmer muss insolvent sein;b;Rücktritt setzt meist eine erfolglose Fristsetzung zur Nacherfüllung voraus. (Ref: Rechte des Bestellers bei Mängeln, Folie 33);;DE
Werkvertragsrecht (§ 280 ff. BGB);Welche zusätzliche Voraussetzung hat ein Schadensersatzanspruch (§ 280 BGB) gegenüber dem Rücktritt?;Er erfordert immer einen Anwalt;Er setzt ein Vertretenmüssen (Verschulden) des Unternehmers voraus;Er ist betragsmäßig begrenzt;Er verjährt nicht;b;Schadensersatz verlangt eine Pflichtverletzung, die der Schuldner zu vertreten hat (Vorsatz oder Fahrlässigkeit). (Ref: Unterschiede der einzelnen Vertragstypen, Folie 47);;DE
Werkvertragsrecht (§ 284 BGB);Was kann der Besteller anstelle von Schadensersatz statt der Leistung verlangen (§ 284 BGB)?;Schmerzensgeld;Ersatz vergeblicher Aufwendungen;Einen Gutschein;Nichts;b;§ 284 BGB gewährt Ersatz vergeblicher Aufwendungen, die der Gläubiger im Vertrauen auf den Erhalt der Leistung gemacht hat. (Ref: Rechte des Bestellers bei Mängeln, Folie 33);;DE
Werkvertragsrecht (§ 648 BGB);Welche Folge hat eine "freie Kündigung" durch den Besteller nach § 648 BGB?;Der Unternehmer verliert jeden Vergütungsanspruch;Der Besteller muss die volle Vergütung zahlen, abzüglich ersparter Aufwendungen des Unternehmers;Der Vertrag wird in einen Dienstvertrag umgewandelt;Beide Parteien zahlen eine Strafe;b;Der Unternehmer behält den Anspruch auf die vereinbarte Vergütung, muss sich aber anrechnen lassen, was er erspart. (Ref: Beendigung beim Werkvertrag, Folie 36);;DE
Dienstvertragsrecht (§ 611/612 BGB);Wie unterscheidet sich die Vergütungspflicht im Dienstvertrag (§ 612 BGB) prinzipiell vom Werkvertrag?;Es gibt keine Vergütung;Vergütung ist meist zeitabhängig (Aufwand), da kein Erfolg geschuldet ist;Vergütung erfolgt nur bei Erfolg;Vergütung wird gewürfelt;b;Da kein Erfolg geschuldet ist, erfolgt die Vergütung für das Tätigwerden (Dienst), meist nach Zeit/Aufwand. (Ref: Dienstvertrag, Folie 38);;DE
Dienstvertragsrecht (§ 613 BGB);Was passiert mit dem Dienstverhältnis beim Tod des Dienstpflichtigen (§ 613 Satz 1 BGB)?;Es geht auf die Erben über;Es erlischt;Es wird in einen Werkvertrag umgewandelt;Der Besteller muss Schadensersatz zahlen;b;Die Verpflichtung zur Dienstleistung ist im Zweifel höchstpersönlich; das Dienstverhältnis erlischt mit dem Tod. (Ref: Beendigung beim Dienstvertrag, Folie 41);;DE
Dienstvertragsrecht (§ 620 BGB);Wann endet ein befristetes Dienstverhältnis gemäß § 620 Abs. 1 BGB?;Wenn der Dienstherr stirbt;Mit Ablauf der Zeit, für die es eingegangen ist;Jederzeit durch Kündigung;Wenn das Projekt fertig ist;b;Das Dienstverhältnis endet mit dem Ablauf der Zeit. (Ref: Beendigung beim Dienstvertrag, Folie 41);;DE
Dienstvertragsrecht (§ 621 BGB);Wonach richten sich die Kündigungsfristen beim Dienstvertrag, wenn nichts anderes vereinbart ist (§ 621 BGB)?;Nach der Vergütungsperiode (z.B. monatlich, täglich);Nach der Laune des Chefs;Immer 4 Wochen zum Monatsende;Immer 3 Monate;a;Die Fristen in § 621 BGB richten sich nach der Bemessung der Vergütung (z.B. Tage, Wochen, Monate). (Ref: Beendigung beim Dienstvertrag, Folie 41);;DE
Dienstvertragsrecht (§ 626 BGB);Unter welcher Bedingung ist eine fristlose Kündigung des Dienstvertrags gemäß § 626 BGB möglich?;Wenn ein wichtiger Grund vorliegt, der die Fortsetzung unzumutbar macht;Wenn der Dienstverpflichtete einmal zu spät kommt;Wenn das Wetter schlecht ist;Nur mit Zustimmung des Gerichts;a;Fristlose Kündigung ist nur aus wichtigem Grund möglich (§ 626 BGB). (Ref: Beendigung beim Dienstvertrag, Folie 41);;DE
Allgemeines Schuldrecht (§ 280 BGB);Haftet ein Dienstleister für Mängel seiner Dienstleistung wie ein Werkunternehmer?;Ja, exakt gleich;Nein, es gibt keine Sachmängelhaftung, nur Schadensersatz bei schuldhafter Pflichtverletzung (§ 280 BGB);Ja, aber nur für 6 Monate;Nein, er haftet gar nicht;b;Im Dienstvertragsrecht gibt es keine Gewährleistung für einen „Erfolg“, sondern nur Haftung für Pflichtverletzungen (Sorgfaltspflicht). (Ref: Schadenersatzrecht beim Dienstvertrag, Folie 40);;DE
Handelsgesetzbuch (§ 377 HGB);Welche Pflicht trifft einen kaufmännischen Auftraggeber bei Werklieferungsverträgen (Softwarekauf/Lieferung) nach § 377 HGB?;Die Ware unverzüglich zu untersuchen und Mängel zu rügen;Die Rechnung sofort zu zahlen;Dem Lieferanten Kaffee anzubieten;Die Software weiterzuverkaufen;a;Kaufleute müssen Ware unverzüglich untersuchen und Mängel rügen, sonst gilt sie als genehmigt. (Ref: Einordnung von Softwareanpassung, Folie 46);;DE
Normen (DIN 69900-1);Wie definiert die DIN 69900-1 einen „Meilenstein“?;Als das Ende des Projekts;Als ein Ereignis von besonderer Bedeutung;Als einen großen Stein;Als einen Verzug;b;Meilenstein ist ein „Ereignis von besonderer Bedeutung“. (Ref: Meilenstein, Folie 92);;DE
Normen (DIN 69901-5);Was ist ein „Lastenheft“ nach DIN 69901-5?;Die Realisierungsvorgabe des Auftragnehmers;Die vom Auftraggeber festgelegte Gesamtheit der Forderungen;Ein juristischer Vertrag;Die Rechnung;b;Lastenheft: „Vom Auftraggeber festgelegte Gesamtheit der Forderungen...“. (Ref: Lastenheft, Folie 97);;DE
Normen (DIN 66901-5);Was ist ein „Pflichtenheft“ nach DIN 66901-5 (bzw. 69901-5)?;Die Wunschliste des Kunden;Die vom Auftragnehmer erarbeiteten Realisierungsvorgaben auf Basis des Lastenhefts;Ein Gesetzestext;Eine Hardwareliste;b;Pflichtenheft: „...vom Auftragnehmer erarbeitete Realisierungsvorgaben...“. (Ref: Pflichtenheft, Folie 97);;DE
Einführung (Problemkreise);Was ist einer der zentralen Problemkreise in IT-Projekten laut Vorlesung?;Zu klare Anforderungen;Unklarer Leistungsgegenstand;Zu viel Budget;Zu lange Vertragslaufzeiten;b;Unklarer Leistungsgegenstand ist Punkt 1 der zentralen Problemkreise. (Ref: Zentrale Problemkreise, Folie 6);;DE
Einführung (Besondere Eigenschaften);Warum sind IT-Systeme schwer zu managen?;Weil sie leicht zu spezifizieren sind;Weil sie aufwendig in der Herstellung und schwer zu spezifizieren sind;Weil sie nichts kosten;Weil sie keine Wartung brauchen;b;Softwaresysteme sind in kurzer Zeit nicht ausreichend zu spezifizieren und aufwendig in der Herstellung. (Ref: Besondere Eigenschaften von IT-Systemen, Folie 13);;DE
Vorgehensmodelle (V-Modell XT);Wer sollte das V-Modell XT primär nutzen?;Start-ups;Öffentliche Auftraggeber (und deren Auftragnehmer);Privatpersonen;US-Firmen;b;Es wird für öffentliche Auftraggeber empfohlen und ist Standard bei Bundesbehörden. (Ref: V-Modell XT, Folie 65);;DE
Vorgehensmodelle (Agil);Was besagt das Agile Manifest bezüglich Dokumentation?;Keine Dokumentation mehr nötig;„Working software over comprehensive documentation“;Dokumentation ist das Wichtigste;Nur Papier zählt;b;Funktionierende Software ist wichtiger als umfassende Dokumentation. (Ref: Manifest für agile Softwareentwicklung, Folie 68);;DE
Vorgehensmodelle (Scrum);Welche Rolle in Scrum schützt das Team vor Störungen?;Product Owner;Scrum Master;Kunde;Manager;b;Der Scrum Master sorgt für Einhaltung der Regeln und beseitigt Hindernisse. (Ref: Scrum, Folie 72);;DE
Vorgehensmodelle (Recht);Welches rechtliche Problem entsteht oft bei agilen Projekten (Scrum) im Werkvertragsrecht?;Die Software wird zu gut;Der „geschuldete Erfolg“ ist zu Beginn oft nicht exakt definiert (Pflichtenheft fehlt);Die Entwickler arbeiten zu schnell;Der Kunde zahlt zu früh;b;Fehlendes detailliertes Pflichtenheft macht die Bestimmung des vertraglich geschuldeten Erfolgs (Werk) schwierig. (Ref: Betrachtung aus rechtlicher Sicht, Folie 74);;DE
Projektmanagement (Planung);Was gehört in eine Projektplanung?;Nur der Endtermin;Aktivitäten, Fristen, Ressourcen, Meilensteine, Kosten;Nur die Kosten;Nur die Namen der Mitarbeiter;b;Projektplanung umfasst Termine, Ressourcen, Kosten, Meilensteine etc. (Ref: Bestandteile einer Projektplanung, Folie 90);;DE
Spezifikation (Fehlendes Pflichtenheft);Was schuldet der Auftragnehmer laut BGH, wenn kein Pflichtenheft existiert?;Nichts;Einen mittleren Ausführungsstandard (Stand der Technik);High-End-Lösung;Nur den Quellcode;b;Mangels Absprache ist ein mittlerer Ausführungsstandard geschuldet (BGH ZR 1992, 543). (Ref: Das fehlende Pflichtenheft, Folie 105);;DE
Spezifikation (Hierarchie);Welche Beschaffenheitsebene hat Vorrang?;Die gewöhnliche Verwendung;Die konkret vereinbarte Beschaffenheit (Ebene I);Die Werbung;Die DIN-Norm;b;Die vereinbarte Beschaffenheit steht an erster Stelle. (Ref: Hierarchie der Beschaffenheitsebenen, Folie 110);;DE
Vertragsbestandteile (Escrow);Was wird bei einer Hinterlegungsvereinbarung hinterlegt?;Der Vertrag;Der Quellcode (Source Code);Das Geld;Die Hardware;b;Es geht um die Hinterlegung des Quellcodes für den Insolvenzfall. (Ref: Bestandteile eines komplexen IT-Vertrags, Folie 56);;DE
Projektmanagement (Verantwortung);Wer trägt beim Werkvertrag die Projektverantwortung?;Der Auftraggeber;Der Auftragnehmer (Unternehmer);Beide zu 50%;Der Berater;b;Der Unternehmer schuldet den Erfolg und hat daher die Projektverantwortung. (Ref: Projektstruktur, Erfolgsverantwortung, Folie 84);;DE
Vertragsrecht (Culpa in contrahendo);Was bedeutet „Culpa in contrahendo“ (c.i.c.)?;Verschulden bei Vertragsschluss (vorvertragliche Haftung);Haftung nach Abnahme;Verzugszinsen;Vertragsstrafe;a;Es bezeichnet das Verschulden bei Vertragsverhandlungen (z.B. falsche Beratung vor Vertragsschluss). (Ref: Verschulden bei Vertragsabschluss, Folie 20);;DE
Vertragsrecht (Mietvertrag);Welche IT-Leistung wird oft als Mietvertrag eingeordnet?;Softwareerstellung;Softwarepflege (Updates/Hotline) und ASP/SaaS;Hardwarekauf;Schulung;b;Softwarepflege und ASP (Application Service Providing) haben mietvertragliche Elemente. (Ref: Mietvertrag, Folie 28);;DE
Projektmanagement (Change Request);Warum ist ein Change-Control-Board (CCB) wichtig?;Um Partys zu planen;Um Änderungen am Leistungsgegenstand kontrolliert zu bewerten und zu genehmigen;Um Mitarbeiter zu entlassen;Um Software zu testen;b;Das CCB steuert Änderungen (Change Requests), um Scope Creep zu verhindern. (Ref: Tipps zum Projektmanagement, Folie 94);;DE
Spezifikation (Verbrannt);Wer muss ein verbranntes Pflichtenheft wiederbeschaffen (BGH)?;Der Auftragnehmer;Der Auftraggeber (da es aus seiner Sphäre kommt);Die Versicherung;Niemand;b;Nach BGH (CR 1995, 265) gehört die Nachlieferung zu den Pflichten des Auftraggebers. (Ref: Das verbrannte Pflichtenheft, Folie 113);;DE
Vertragsrecht (Verjährung Arglist);Wie lange ist die Verjährungsfrist bei arglistig verschwiegenen Mängeln?;1 Jahr;3 Jahre (regelmäßige Verjährung);10 Jahre;30 Jahre;b;Bei Arglist gilt die regelmäßige Verjährungsfrist (§ 195 BGB: 3 Jahre), beginnend mit Jahresschluss der Kenntnis. (Ref: Unterschiede der einzelnen Vertragstypen, Folie 48);;DE
Vertragsrecht (Abgrenzung);Erläutern Sie den wesentlichen Unterschied zwischen Werkvertrag und Dienstvertrag hinsichtlich der Erfolgsverantwortung und Vergütung.;;;;;;Beim Werkvertrag (§ 631 BGB) schuldet der Unternehmer einen konkreten Erfolg (das Werk) und trägt das Risiko des Gelingens; die Vergütung wird erst nach Abnahme fällig. Beim Dienstvertrag (§ 611 BGB) wird nur das Tätigwerden (die Dienstleistung) als solches geschuldet, ohne Garantie für einen Erfolg; die Vergütung erfolgt meist zeitbasiert. (Ref: Unterschiede der einzelnen Vertragstypen, Folie 47);;DE
Spezifikation (Rechtsprechung);Was sind die rechtlichen Konsequenzen, wenn ein IT-Projekt ohne detailliertes Pflichtenheft durchgeführt wird ("vergessenes Pflichtenheft")?;;;;;;Fehlt das Pflichtenheft, ist der Vertrag meist dennoch wirksam. Geschuldet ist dann ein Ergebnis, das dem „Stand der Technik bei mittlerem Ausführungsstandard“ entspricht (BGH). Der Auftraggeber kann keine speziellen subjektiven Wünsche mehr durchsetzen, die nicht dokumentiert wurden. (Ref: Das fehlende/vergessene Pflichtenheft, Folie 105-107);;DE
Agile Methoden & Recht;Diskutieren Sie das Spannungsfeld zwischen agilen Methoden (z.B. Scrum) und dem klassischen Werkvertragsrecht.;;;;;;Werkvertragsrecht verlangt ein definiertes Werk (Erfolg) und eine Abnahme. Agile Methoden sind iterativ, der genaue Umfang steht zu Beginn oft nicht fest (Unschärfe). Dies führt zu Problemen bei der Definition des „geschuldeten Erfolgs“ und der Preiskalkulation (Festpreisrisiko). Juristisch droht die Umdeutung in einen Dienstvertrag, wenn der AG zu stark in die Steuerung eingreift. (Ref: Betrachtung aus rechtlicher Sicht, Folie 74-76);;DE
Abnahme (§ 640 BGB);Welche Rechtsfolgen löst die Abnahme (§ 640 BGB) beim Werkvertrag aus? Nennen Sie mindestens drei.;;;;;;1. Fälligkeit der Vergütung (§ 641 BGB). 2. Gefahrübergang auf den Besteller (§ 644 BGB). 3. Beginn der Verjährungsfrist für Mängelansprüche (§ 634a BGB). 4. Beweislastumkehr (AG muss nun Mangel beweisen). 5. Verlust von Mängelrechten bei bekannten Fehlern ohne Vorbehalt. (Ref: Folgen der Abnahme, Folie 35);;DE
Projektverantwortung;Warum sollte die Projektleitung bei einem Werkvertrag zwingend beim Auftragnehmer liegen?;;;;;;Da der Auftragnehmer den „Erfolg“ schuldet und das Erfolgsrisiko trägt (§ 631 BGB), muss er die Kontrolle über die Durchführung (Planung, Steuerung) haben. Übernimmt der Auftraggeber die Leitung („Kooperation“), verwässert die Verantwortung, und der Vertrag könnte als Dienstvertrag (oder unwirksame AGB) gewertet werden, womit der AG Gewährleistungsansprüche verlieren könnte. (Ref: Projektstruktur, Erfolgsverantwortung, Folie 84-87);;DE
Einführung und Grundlagen;Welches ist laut den Unterlagen ein zentraler Problemkreis in IT-Projekten?;Zu detaillierte Dokumentation;Unklarer Leistungsgegenstand;Zu geringe Komplexität der Systeme;Fehlende Hardware;b;Ein zentraler Problemkreis ist der unklare Leistungsgegenstand, oft gepaart mit unkontrollierten Änderungen (Ref: Zentrale Problemkreise in IT-Projekten, Folie 6).;;DE
Interessensgegensätze;Welches Ziel verfolgt der Auftraggeber typischerweise in IT-Vertragsverhandlungen?;Variable Vergütung nach Aufwand;Einen festen, möglichst niedrigen Gesamtpreis;Verwendung der Standards des Auftragnehmers;Minimierung des Investitionsschutzes;b;Der Auftraggeber wünscht sich meist einen festen, möglichst niedrigen Gesamtpreis und hohe Kostensicherheit (Ref: Interessensgegensätze der Vertragspartner, Folie 8).;;DE
Besondere Eigenschaften von IT-Systemen;Warum sind komplexe IT-Systeme besonders schwierig vertraglich zu handhaben?;Weil sie in kurzer Zeit oft nicht ausreichend zu spezifizieren sind;Weil Hardware immer teurer wird;Weil es keine gesetzlichen Regelungen gibt;Weil Programmierer keine Verträge lesen;a;Softwaresysteme sind in kurzer Zeit nicht ausreichend zu spezifizieren und in ihrer Qualität schwer zu beurteilen (Ref: Besondere Eigenschaften von IT-Systemen, Folie 13).;;DE
Vertragsrecht (Angebot);Was muss ein Angebot (Antrag) mindestens enthalten, um wirksam zu sein?;Eine notarielle Beglaubigung;Die wesentlichen Bestandteile des Vertrags (essentialia negotii);Eine Frist von 4 Wochen;Die AGB des Auftragnehmers;b;Ein Angebot muss so bestimmt sein, dass ein einfaches 'Ja' genügt. Es muss die essentialia negotii (Parteien, Leistungspflichten) enthalten (Ref: Angebot, Folie 16).;;DE
Vertragsrecht (Invitatio);Was liegt vor, wenn ein Angebot nicht an eine bestimmte Person gerichtet ist (z.B. Zeitungsanzeige)?;Ein verbindliches Angebot;Eine Invitatio ad offerendum (Aufforderung zur Abgabe eines Angebots);Eine Culpa in contrahendo;Eine stille Annahme;b;Ist der Vertragspartner nicht bestimmt (z.B. Anzeige), liegt nur eine Aufforderung zur Abgabe eines Angebots vor (Ref: Angebot, Folie 17).;;DE
Vertragsrecht (Annahme);Wie wertet das BGB (§ 150) eine Annahme, die Erweiterungen oder Einschränkungen enthält?;Als wirksamen Vertragsschluss mit den Änderungen;Als Ablehnung verbunden mit einem neuen Antrag;Als schwebend unwirksamen Vertrag;Als Annahme der ursprünglichen Bedingungen;b;§ 150 Abs. 2 BGB besagt, dass eine modifizierte Annahme als Ablehnung verbunden mit einem neuen Antrag gilt (Ref: Zustandekommen eines Vertrags, Folie 19).;;DE
Vertragsrecht (Culpa in contrahendo);Ein Anbieter macht in der Pre-Sales-Phase falsche Zusagen über die Leistungsfähigkeit seiner Software. Welche Haftung droht?;Keine, da noch kein Vertrag besteht;Haftung aus Culpa in contrahendo (Verschulden bei Vertragsschluss);Strafrechtliche Verfolgung wegen Betrugs;Haftung nur bei schriftlicher Garantie;b;Falsche Auskünfte in der Anbahnungsphase können zu Schadensersatzansprüchen wegen Verschuldens bei Vertragsschluss (c.i.c.) führen (Ref: Verschulden bei Vertragsabschluss, Folie 20-21).;;DE
Vertragsrecht (Vergütung);Ist ein Kostenanschlag im Zweifel zu vergüten?;Ja, immer;Nein, im Zweifel nicht (§ 632 Abs. 3 BGB);Ja, wenn er sehr aufwendig war;Ja, bei Kaufleuten;b;Gemäß § 632 Abs. 3 BGB ist ein Kostenanschlag im Zweifel nicht zu vergüten (Ref: Vereinbarung der Vergütung, Folie 23).;;DE
AGB-Recht;Welcher Maßstab gilt unter anderem für die Inhaltskontrolle von AGB?;Die Länge des Textes;Treu und Glauben (§ 242 BGB) und Sittenwidrigkeit;Die Schriftgröße;Die Unterschrift des Vorstands;b;AGB müssen einer Kontrolle standhalten, Maßstäbe sind u.a. § 242 BGB (Treu und Glauben) und § 138 BGB (Ref: Allgemeine Geschäftsbedingungen, Folie 24).;;DE
AGB-Kollision;Was passiert, wenn sich die AGB beider Vertragspartner widersprechen (Kollision)?;Es gilt der Vertrag desjenigen, der zuerst geleistet hat;Die sich widersprechenden Klauseln werden durch gesetzliche Regelungen ersetzt;Der gesamte Vertrag ist nichtig;Es gelten die AGB des Verkäufers;b;Bei kollidierenden AGB gelten die übereinstimmenden Teile; der Rest wird durch gesetzliche Regelungen ersetzt (Ref: Allgemeine Geschäftsbedingungen, Folie 25-26).;;DE
Vertragstypen (Abgrenzung);Welchen Vertragstyp ordnet man der Anpassung von Standardsoftware meist zu, wenn der Lieferant auch die Software stellt?;Dienstvertrag;Kaufvertrag (Werklieferungsvertrag);Mietvertrag;Leihvertrag;b;Die Lieferung und Anpassung wird oft über § 651 BGB (Werklieferungsvertrag) dem Kaufrecht zugeordnet (Ref: Einordnung von Softwareanpassung, Folie 46).;;DE
Vertragstypen (Schulung);Welcher Vertragstyp liegt typischerweise bei der Durchführung von Schulungen vor?;Werkvertrag;Dienstvertrag;Kaufvertrag;Mietvertrag;b;Schulungen sind typische Dienstleistungen, da kein "Erfolg" im Sinne eines Werkes geschuldet wird, sondern das Tätigwerden (Ref: Gesetzlich geregelte Vertragstypen, Folie 27).;;DE
Kaufvertrag;Was schuldet der Verkäufer gemäß § 433 I BGB?;Nur die Übergabe;Übergabe, Eigentumsverschaffung und Mängelfreiheit;Die Herstellung einer neuen Sache;Die Wartung der Sache;b;Der Verkäufer schuldet Übergabe, Eigentumsverschaffung und Freiheit von Sach- und Rechtsmängeln (Ref: Kaufvertrag, Folie 28).;;DE
Werkvertrag (Definition);Was ist das wesentliche Merkmal eines Werkvertrags gemäß § 631 BGB?;Der Unternehmer schuldet ein Tätigwerden;Der Unternehmer schuldet die Herbeiführung eines Erfolgs (das Werk);Der Auftraggeber hat das Weisungsrecht;Es gibt keine Gewährleistung;b;Kern des Werkvertrags ist die Verpflichtung zur Herbeiführung eines konkreten Erfolgs (Ref: Werkvertrag, Folie 29).;;DE
Werkvertrag (Irrtümer);Welche Aussage über Werkverträge ist laut Folien ein "häufiger Irrtum"?;Der Unternehmer trägt das Erfolgsrisiko;Ohne Pflichtenheft kann es kein Werkvertrag sein;Der Besteller muss abnehmen;Der Unternehmer muss mangelfrei liefern;b;Es ist ein Irrtum zu glauben, dass ohne Pflichtenheft kein Werkvertrag vorliegen kann (Ref: Häufige Irrtümer bei Werkverträgen, Folie 30).;;DE
Werkvertrag (Abnahme);Wozu ist der Besteller nach § 640 BGB verpflichtet?;Zur Zahlung vor Fertigstellung;Zur Abnahme des vertragsgemäß hergestellten Werkes;Zur ständigen Überwachung der Programmierer;Zur Bereitstellung von Kaffee;b;Der Besteller ist zur Abnahme verpflichtet, sofern das Werk vertragsgemäß ist (§ 640 Abs. 1 BGB) (Ref: Die Abnahme beim Werkvertrag, Folie 31).;;DE
Werkvertrag (Unwesentliche Mängel);Darf die Abnahme wegen unwesentlicher Mängel verweigert werden?;Ja, immer;Nein, wegen unwesentlicher Mängel kann die Abnahme nicht verweigert werden;Ja, wenn der Besteller Verbraucher ist;Nur mit richterlicher Anordnung;b;§ 640 Abs. 1 Satz 2 BGB: Wegen unwesentlicher Mängel kann die Abnahme nicht verweigert werden (Ref: Die Abnahme beim Werkvertrag, Folie 31).;;DE
Werkvertrag (Abnahmefiktion);Wann gilt ein Werk als abgenommen, ohne dass der Besteller dies ausdrücklich erklärt (§ 640 Abs. 2 BGB)?;Sofort bei Fertigstellung;Wenn der Unternehmer eine Frist setzt und der Besteller nicht unter Angabe von Mängeln verweigert;Nach 6 Monaten Nutzung;Wenn die Rechnung geschrieben wird;b;Die Abnahme gilt als erfolgt (Fiktion), wenn der Besteller auf eine angemessene Fristsetzung nicht unter Angabe von Mängeln verweigert (Ref: Die Abnahme beim Werkvertrag, Folie 31).;;DE
Werkvertrag (Mängelrechte);Was muss der Besteller tun, um bei der Abnahme seine Rechte bezüglich eines ihm bekannten Mangels zu behalten?;Er muss die Abnahme komplett verweigern;Er muss sich die Rechte wegen des Mangels bei der Abnahme vorbehalten (§ 640 Abs. 3 BGB);Er muss den Mangel fotografieren;Er muss den Preis sofort mindern;b;Nimmt er trotz Kenntnis des Mangels ab, verliert er die Rechte, es sei denn, er behält sie sich vor (Ref: Die Abnahme beim Werkvertrag, Folie 32).;;DE
Werkvertrag (Nacherfüllung);Welches Recht hat der Unternehmer bei einem Mangel vorrangig?;Er darf sofort vom Vertrag zurücktreten;Er hat das Recht zur Nacherfüllung (Wahlrecht zwischen Beseitigung und Neuherstellung);Er muss sofort Schadensersatz zahlen;Er kann den Mangel ignorieren;b;Das Gesetz räumt dem Unternehmer zunächst das Recht zur Nacherfüllung ein (§ 635 BGB) (Ref: Rechte des Bestellers bei Mängeln, Folie 32/33).;;DE
Werkvertrag (Teilabnahme);Besteht ein gesetzlicher Anspruch auf Teilabnahmen?;Ja, immer;Nein, nur bei vertraglicher Vereinbarung;Ja, bei Software immer;Ja, ab 50% Fertigstellung;b;Ein Anspruch auf Teilabnahme besteht nur, wenn dies vertraglich vereinbart wurde (Ref: Teilabnahmen, Folie 34).;;DE
Werkvertrag (Abnahmefolgen);Welche Folge hat die Abnahme für die Beweislast?;Keine;Die Beweislast für Mängel geht vom Auftragnehmer auf den Auftraggeber über;Der Auftragnehmer muss nun beweisen, dass er unschuldig ist;Die Beweislast entfällt;b;Mit der Abnahme "kippt" die Beweislast: Danach muss der Auftraggeber beweisen, dass ein Mangel vorliegt (Ref: Folgen der Abnahme, Folie 35).;;DE
Werkvertrag (Kündigung);Welche finanzielle Folge hat eine "freie Kündigung" durch den Besteller nach § 648 BGB?;Der Besteller zahlt nichts für den nicht erbrachten Teil;Der Besteller muss die volle Vergütung zahlen, abzüglich ersparter Aufwendungen des Unternehmers;Der Besteller zahlt eine Pauschale von 10%;Der Unternehmer muss Schadensersatz zahlen;b;Der Unternehmer behält den Anspruch auf die volle Vergütung, muss sich aber anrechnen lassen, was er erspart hat (Ref: Beendigung beim Werkvertrag, Folie 36).;;DE
Werkvertrag (Haftung);Wie ist die gesetzliche Haftung beim Werkvertrag geregelt, wenn vertraglich nichts anderes vereinbart ist?;Sie ist auf die Auftragssumme begrenzt;Sie ist der Höhe nach unbegrenzt und gilt für alle Schäden;Sie ist ausgeschlossen;Sie gilt nur für Vorsatz;b;Ohne vertragliche Begrenzung ist die Haftung unbegrenzt und umfasst auch Folgeschäden wie entgangenen Gewinn (Ref: Haftung beim Werkvertrag, Folie 37).;;DE
Dienstvertrag (Definition);Was schuldet der Auftragnehmer beim Dienstvertrag?;Einen konkreten Erfolg;Das bloße Tätigwerden (Dienste) ohne Erfolgsgarantie;Eine mangelfreie Sache;Die Übergabe des Eigentums;b;Beim Dienstvertrag wird kein Erfolg geschuldet, sondern nur das Tätigwerden bzw. die Arbeitskraft (Ref: Dienstvertrag Merkmale, Folie 38).;;DE
Dienstvertrag (Verantwortung);Wer trägt beim Dienstvertrag typischerweise die Projektverantwortung?;Der Dienstleister;Der Auftraggeber;Beide zu gleichen Teilen;Der Gesetzgeber;b;Da das Weisungsrecht beim Auftraggeber liegt, trägt dieser auch die Projektverantwortung (Ref: Dienstvertrag Merkmale, Folie 38).;;DE
Dienstvertrag (Vorteile AN);Warum bevorzugen IT-Dienstleister oft Dienstverträge?;Weil die Vergütung höher ist;Weil eine "Schlechtleistung" schwerer zu beweisen ist und kein Erfolg geschuldet wird;Weil sie dann mehr arbeiten dürfen;Weil der Kunde dann zufriedener ist;b;Beim Dienstvertrag ist Schlechtleistung schwerer nachweisbar und das Entgeltrisiko liegt beim Kunden (Ref: Vorteile des AN beim Dienstvertrag, Folie 39).;;DE
Dienstvertrag (Mängel);Gibt es beim Dienstvertrag eine Sachmängelhaftung (Gewährleistung) wie beim Werkvertrag?;Ja, identisch;Nein, nur Schadensersatz wegen Pflichtverletzung (§ 280 BGB);Ja, aber nur 6 Monate;Ja, bei grober Fahrlässigkeit;b;Es gibt keine Sachmängelhaftung ("Nachbesserung"), sondern nur Schadensersatzansprüche bei Pflichtverletzung (Ref: Schadenersatzrecht beim Dienstvertrag, Folie 40).;;DE
Dienstvertrag (Kündigung);Wann endet ein befristetes Dienstverhältnis automatisch?;Nie;Mit Ablauf der Zeit (§ 620 Abs. 1 BGB);Wenn das Geld alle ist;Wenn das Projekt fertig ist;b;Ein befristetes Dienstverhältnis endet mit Zeitablauf (Ref: Beendigung beim Dienstvertrag, Folie 41).;;DE
Lizenzvertrag;Wie wird die dauerhafte Überlassung von Standardsoftware gegen Einmalzahlung rechtlich meist eingeordnet?;Als Mietvertrag;Als Kaufvertrag (Sachkauf);Als Dienstvertrag;Als Leihvertrag;b;Die Überlassung auf Dauer gegen Einmalentgelt wird als Kauf („unechter Lizenzvertrag“) eingeordnet (Ref: Lizenzverträge für Standardsoftware, Folie 42).;;DE
Vertragsvergleich (Verjährung);Wie lange ist die reguläre Verjährungsfrist für Mängel beim Werkvertrag (für unkörperliche Werke/Software)?;6 Monate;3 Jahre (§ 634a BGB i.V.m. § 195 BGB für geistige Werke/Konzepte oft Regelverjährung, Folie 48 nennt 3 Jahre);2 Jahre;30 Jahre;b;Folie 48 nennt für Werkverträge (geistige Werke) 3 Jahre, im Gegensatz zu 2 Jahren beim Kaufvertrag (Ref: Unterschiede der einzelnen Vertragstypen, Folie 48).;;DE
Vertragskomponenten (Mitwirkung);Warum sind Mitwirkungspflichten im Vertrag wichtig?;Damit der Kunde beschäftigt ist;Um Konsequenzen bei Nichterbringung (z.B. Verzug) zu regeln;Sie sind rechtlich bedeutungslos;Damit der Auftragnehmer weniger Geld bekommt;b;Es müssen die Konsequenzen der Nichterbringung geregelt werden, da dies den Projekterfolg gefährdet (Ref: Bestandteile eines komplexen IT-Vertrags, Folie 50).;;DE
Vertragskomponenten (Escrow);Was wird bei einer Hinterlegungsvereinbarung (Escrow) hinterlegt?;Geld;Der Quellcode (Source Code);Die Hardware;Die Lizenzschlüssel;b;Hinterlegt wird der Quellcode, um im Insolvenzfall des Herstellers Zugriff zu haben (Ref: Bestandteile eines komplexen IT-Vertrags - Sonstige Regelungen, Folie 55).;;DE
Gemischte Verträge;Was ist ein "Systemvertrag"?;Ein Vertrag nur über Hardware;Ein gemischter Vertrag, der verschiedene Leistungen (Hardware, Software, Service) bündelt;Ein Vertrag zwischen Systemen;Ein reiner Mietvertrag;b;Ein Systemvertrag regelt verschiedene Vertragsgegenstände (Typen) in einem Vertragswerk (Ref: Gemischter Vertrag, Folie 45).;;DE
Outsourcing;Welcher Aspekt wird bei Outsourcing-Verträgen in der Praxis häufig vergessen/unterschätzt?;Der Preis;Die Re-Transition (Rückabwicklung) am Vertragsende;Die Laufzeit;Die Unterschrift;b;Probleme wie Re-Transition und Unterstützung am Ende werden häufig vergessen (Ref: Outsourcing-Verträge, Folie 45).;;DE
Vertragspraxis (Pre-Sales);Warum sollte der Auftraggeber Entscheidungsgrundlagen aus der Pre-Sales-Phase dokumentieren?;Um das Papierarchiv zu füllen;Um bei Falschberatung Beweise für Schadensersatzansprüche (c.i.c.) zu haben;Damit der Auftragnehmer mehr Honorar bekommt;Es ist gesetzlich verboten;b;Dokumentation hilft, Ansprüche aus Verschulden bei Vertragsschluss (falsche Versprechungen) durchzusetzen (Ref: Verschulden bei Vertragsabschluss, Folie 22).;;DE
IT-Krise;Was ist eine häufige Folge von gescheiterten IT-Projekten?;Sofortige Versöhnung;Langwierige gerichtliche Auseinandersetzungen;Automatische Geld-Zurück-Garantie;Beförderung des Projektleiters;b;Häufig endet es in gerichtlichen Auseinandersetzungen, da Einigungen selten sind (Ref: Was passiert mit gescheiterten IT-Projekten, Folie 12).;;DE
Haftung (Umfang);Schließt die gesetzliche Haftung beim Werkvertrag entgangenen Gewinn ein?;Nein;Ja, sie umfasst jede Art von Schäden;Nur bei Vorsatz;Nur bei Personenschäden;b;Die gesetzliche Haftung gilt für jede Art von Schäden, inklusive entgangenem Gewinn (Ref: Haftung beim Werkvertrag, Folie 37).;;DE
Change Management;Warum ist ein Änderungsverfahren (Change Request) im Vertrag wichtig?;Um Änderungen zu verhindern;Um bei Abweichungen (Scope Creep) Vergütung und Termine formal anzupassen;Um den Projektleiter zu beschäftigen;Damit der Vertrag dicker aussieht;b;Es dient dazu, Änderungen kontrolliert zu handhaben (Antrag, Prüfung, Freigabe) (Ref: Bestandteile eines komplexen IT-Vertrags, Folie 53).;;DE
Kündigung (Form);Welche Form empfiehlt die Vorlesung für Kündigungen im IT-Vertrag?;Mündlich;Schriftform;E-Mail;WhatsApp;b;Die Schriftform einer Kündigung wird als Vertragsbestandteil empfohlen (Ref: Bestandteile eines komplexen IT-Vertrags, Folie 54).;;DE
Vertragsgegenstand;Was gehört zu einer präzisen Leistungsdefinition in einem Projektvertrag?;Nur der Preis;Leistungsabgrenzung und detaillierte Beschreibung (Lasten-/Pflichtenheft);Nur der Name der Software;Die Farbe der Verpackung;b;Wesentliche Bestandteile sind Leistungen, Leistungsabgrenzung und Spezifikationen (Ref: Bestandteile eines komplexen IT-Vertrags, Folie 53).;;DE
Abnahme (Frist);Was passiert nach § 640 Abs. 2 BGB, wenn der Besteller auf eine Fristsetzung zur Abnahme nicht reagiert?;Nichts;Das Werk gilt als abgenommen (Abnahmefiktion);Der Vertrag wird ungültig;Der Unternehmer muss nachbessern;b;Das Schweigen auf die Fristsetzung führt zur fingierten Abnahme (Ref: Die Abnahme beim Werkvertrag, Folie 31).;;DE
Mietvertrag (Software);Welche IT-Leistung wird rechtlich oft als Mietvertrag eingeordnet?;Hardware-Kauf;Softwarepflege (Updates/Hotline) und ASP/SaaS;Individualprogrammierung;Schulung;b;Softwarepflege und ASP (Application Service Providing) haben mietvertragliche Elemente (Ref: Gesetzlich geregelte Vertragstypen, Folie 26/28).;;DE
Vertragsrecht (Stellvertretung);Auf welche Paragraphen stützt sich die Stellvertretung beim Vertragsschluss?;§§ 164 ff. BGB;§ 823 BGB;§ 1 BGB;§ 433 BGB;a;Eine Partei kann sich grundsätzlich gemäß §§ 164 ff. BGB vertreten lassen (Ref: Angebot, Folie 16).;;DE
Vertragsrecht (Bindung);Wann ist ein Angebot bindend?;Erst bei Unterschrift;Mit Zugang beim Empfänger, sofern nichts anderes bestimmt ist;Nie;Erst nach 2 Wochen;b;Ein Angebot ist mit seinem Zugang beim Empfänger bindend (Ref: Angebot, Folie 18).;;DE
Vergütungsmodelle;Bestimmt das Vergütungsmodell (Festpreis vs. Time & Material) automatisch den Vertragstyp?;Ja, Festpreis ist immer Werkvertrag;Nein, das Vergütungsmodell bestimmt nicht den Vertragstyp;Ja, Aufwand ist immer Dienstvertrag;Ja, Festpreis ist immer Kaufvertrag;b;Das Vergütungsmodell bestimmt nicht zwingend den Vertragstyp (Ref: Vergütungsmodelle, Folie 41).;;DE
Gewährleistung (Fristen Vergleich);Welche Verjährungsfrist gilt für Mängel beim Kaufvertrag?;1 Jahr;2 Jahre ab Ablieferung;3 Jahre;5 Jahre;b;Beim Kaufvertrag beträgt die Frist 2 Jahre ab Ablieferung (Ref: Unterschiede der einzelnen Vertragstypen, Folie 48).;;DE
Projektvertrag (Inhalt);Welcher Punkt gehört *nicht* zwingend in einen Projektvertrag?;Urlaubsplanung des Kunden;Regelung von Nutzungsrechten (IP);Abnahmeverfahren;Vergütung;a;Urlaubsplanung ist kein typischer Vertragsbestandteil, Nutzungsrechte und Abnahme hingegen schon (Ref: Bestandteile eines komplexen IT-Vertrags, Folie 49ff).;;DE
Abnahme (Voraussetzungen);Setzt die Fälligkeit der Vergütung beim Werkvertrag zwingend eine Abnahme voraus?;Nein, Rechnungsstellung reicht;Ja, grundsätzlich (§ 641 BGB);Nein, Lieferung reicht;Ja, aber nur bei Bauwerken;b;Die Vergütung ist erst nach der Abnahme fällig (§ 641 BGB) (Ref: Folgen der Abnahme, Folie 35).;;DE
Haftung (Begrenzung);Warum sollte die Haftung vertraglich begrenzt werden?;Weil das Gesetz keine Haftung vorsieht;Weil die gesetzliche Haftung unbegrenzt ist und existenzbedrohend sein kann;Weil der Kunde das so will;Damit der Anwalt mehr zu tun hat;b;Da die gesetzliche Haftung unbegrenzt ist, ist eine vertragliche Deckelung ("Cap") für den Auftragnehmer essentiell (Ref: Haftung beim Werkvertrag, Folie 37).;;DE
Vertragsrecht (Vergleich);Vergleichen Sie die Rechtsfolgen von Werkvertrag und Dienstvertrag hinsichtlich der Erfolgsverantwortung und Vergütung.;;;;;;Beim Werkvertrag (§ 631 BGB) schuldet der Unternehmer einen Erfolg. Er trägt das Risiko des Misserfolgs (keine Vergütung ohne abnahmefähiges Werk) und haftet für Mängel (Nacherfüllung). Beim Dienstvertrag (§ 611 BGB) schuldet der Leistende nur das Tätigwerden. Das Erfolgsrisiko liegt beim Auftraggeber; die Vergütung ist nach Leistung der Dienste fällig, unabhängig vom Projekterfolg. (Ref: Unterschiede der einzelnen Vertragstypen, Folie 47-48);;DE
Abnahme;Erklären Sie den Begriff der "Abnahme" (§ 640 BGB) und nennen Sie drei wichtige Rechtsfolgen.;;;;;;Abnahme ist die Erklärung des Bestellers, dass er das Werk als im Wesentlichen vertragsgemäß anerkennt. Rechtsfolgen: 1. Fälligkeit der Vergütung (§ 641 BGB). 2. Gefahrübergang auf den Besteller (§ 644 BGB). 3. Umkehr der Beweislast bei Mängeln. 4. Beginn der Verjährungsfrist. (Ref: Die Abnahme beim Werkvertrag / Folgen, Folie 31-35);;DE
Culpa in contrahendo;Erläutern Sie anhand eines Beispiels, was man unter "Culpa in contrahendo" im IT-Kontext versteht.;;;;;;c.i.c. bezeichnet das Verschulden bei Vertragsschluss. Beispiel: Ein Softwareanbieter versichert dem Kunden vor Vertragsschluss, dass dessen alte Hardware für die neue Software ausreicht. Stellt sich später heraus, dass dies falsch war und teure neue Hardware nötig ist, haftet der Anbieter auf Schadensersatz für diese Mehraufwendungen, auch wenn diese Zusage nicht explizit im späteren Vertrag stand. (Ref: Verschulden bei Vertragsabschluss, Folie 20-21);;DE
Softwareanpassung;Diskutieren Sie die rechtliche Einordnung von Softwareanpassungen (Customizing). Wann gilt Kaufrecht, wann Werkvertragsrecht?;;;;;;Wenn der Anbieter Standardsoftware liefert UND anpasst, wird dies oft als Einheit gesehen und dem Kaufrecht (Werklieferungsvertrag § 651 BGB) unterstellt. Wird jedoch Software vom Kunden beigestellt und der Anbieter programmiert nur Anpassungen, liegt reines Werkvertragsrecht vor. Bei reinen Beratungsleistungen zur Einstellung von Parametern (ohne Programmierung) kann auch ein Dienstvertrag vorliegen. (Ref: Einordnung von Softwareanpassung, Folie 46);;DE
Change Management;Warum scheitern Projekte oft an "Scope Creep" und wie wirkt ein Change-Request-Verfahren dem entgegen?;;;;;;Scope Creep bezeichnet die unkontrollierte Ausweitung des Leistungsumfangs durch ständige kleine Zusatzwünsche ohne Vertragsanpassung. Dies führt zu Zeit- und Budgetüberschreitungen. Ein vertraglich fixiertes Change-Request-Verfahren zwingt die Parteien, jede Änderung formal zu beantragen, zu bewerten (Kosten/Zeit) und explizit freizugeben, bevor sie umgesetzt wird. (Ref: Zentrale Problemkreise / Bestandteile Vertrag, Folie 6 & 53);;DE
Softwareentwicklung Geschichte;Was war ein Hauptgrund, warum die Softwareentwicklung in den 60er Jahren immer schwieriger wurde?;Die Hardwareleistung sank kontinuierlich;Steigende Hardwareleistung ermöglichte komplexere Anforderungen, für die Konzepte fehlten;Es gab zu viele qualifizierte Programmierer;Die Programmiersprachen wurden einfacher;b;Die ständig steigende Leistung der Hardware ermöglichte neue Anforderungen, was Systeme komplexer machte, während Konzepte zur Aufteilung der Aufgaben fehlten (Ref: Warum wurde die Softwareentwicklung immer schwieriger?).;;DE
Chaos-Report;Welches Ergebnis lieferte der Chaos-Report von 1995 bezüglich des Erfolgs von IT-Projekten?;Über 50% der Projekte waren erfolgreich;Nur ca. 16% der Projekte waren termingerecht, im Budget und lieferten das Gewünschte;Fast alle Projekte wurden vorzeitig abgebrochen;Kostenüberschreitungen waren selten;b;Laut Chaos-Report waren nur ~16% aller IT-Projekte erfolgreich (termingerecht, im Budget, spezifikationskonform) (Ref: Schwierigkeiten bei der Softwareentwicklung).;;DE
Vorgehensmodell Definition;Was legt ein Vorgehensmodell typischerweise fest?;Nur die Programmiersprache;Projektphasen, Rollen, Verantwortlichkeiten und Arbeitsergebnisse;Die genaue Hardware-Architektur;Die Urlaubszeiten der Mitarbeiter;b;Ein Vorgehensmodell liefert Festlegungen für Projektphasen, Rollen, Aktivitäten, Ergebnisse, Begriffe und QS-Maßnahmen (Ref: Was ist ein Vorgehensmodell?).;;DE
Nutzen Vorgehensmodelle;Welchen Vorteil bietet der Einsatz eines Vorgehensmodells für die Projektdurchführung?;Es garantiert, dass keine Fehler auftreten;Es erhöht die Übersichtlichkeit, Planbarkeit und Beherrschbarkeit des Projekts;Es ersetzt den Projektleiter komplett;Es reduziert die Kommunikation im Team;b;Zu den Nutzen zählen Erhöhung der Übersichtlichkeit, Steigerung der Beherrschbarkeit und Planbarkeit sowie verbesserte Kommunikation (Ref: Nutzen eines Vorgehensmodells).;;DE
Vorgehensmodelle Beispiele;Welches der folgenden Modelle wird als "Agiles Vorgehensmodell" klassifiziert?;Wasserfallmodell;V-Modell XT;Rational Unified Process;Scrum;d;Scrum wird unter den agilen Vorgehensmodellen gelistet, während Wasserfall und V-Modell XT zu den herkömmlichen zählen (Ref: Vorgehensmodelle – Beispiele).;;DE
Qualitätsmerkmale Vorgehensmodell;Welches Merkmal kennzeichnet ein qualitativ hochwertiges Vorgehensmodell?;Es ist starr und unveränderbar;Es ist skalierbar hinsichtlich unterschiedlicher Projektgrößen;Es ignoriert neue Standards;Es ist nur theoretisch nutzbar;b;Qualitätsmerkmale sind u.a. Skalierbarkeit, Anpassbarkeit und erfolgreiche Erprobung (Ref: Qualitätsmerkmale von Vorgehensmodellen).;;DE
Wasserfallmodell;Wie verläuft der Prozess im klassischen Wasserfallmodell?;Iterativ und zirkulär;Streng sequentiell von Phase zu Phase (z.B. Analyse -> Design -> Implementierung);Parallel in allen Phasen gleichzeitig;Chaotisch ohne feste Phasen;b;Das Wasserfallmodell zeigt einen sequentiellen Ablauf von der Studie über Analyse, Design bis zur Einführung (Ref: Wasserfall).;;DE
V-Modell XT Zielgruppe;Für welche Nutzergruppe wird das V-Modell XT explizit empfohlen?;Für kleine Web-Agenturen;Für öffentliche Auftraggeber (und deren Auftragnehmer);Für US-amerikanische Start-ups;Ausschließlich für die Automobilindustrie;b;Das V-Modell XT wird für öffentliche Auftraggeber empfohlen und ist Bestandteil der EVB-IT (Ref: V-Modell ® XT).;;DE
V-Modell XT Kernpunkte;Was steht im Mittelpunkt der V-Modell XT Philosophie?;Die Anzahl der Meetings;Die Projektergebnisse (Produkte) und deren Abhängigkeiten;Die Programmierung ohne Dokumentation;Die Hardware-Auswahl;b;Projektergebnisse (Produkte) sind der Dreh- und Angelpunkt des Modells (Ref: Kernpunkte der V-Modell ® XT Philosophie).;;DE
V-Modell XT Anpassung;Was bedeutet "Tailoring" im Kontext des V-Modell XT?;Das Zuschneiden von Kleidung für den Projektleiter;Die Verfeinerung und Anpassung des Modells auf das konkrete Projekt;Das Weglassen aller Tests;Die Übersetzung ins Englische;b;Das konkrete Vorgehen sollte durch Verfeinerung / Tailoring genau definiert werden (Ref: Schnittstelle Auftraggeber / Auftragnehmer).;;DE
Agiles Manifest 1;Was besagt der erste Wert des Agilen Manifests?;Prozesse und Werkzeuge sind wichtiger als alles andere;Individuen und Interaktionen sind wichtiger als Prozesse und Werkzeuge;Dokumentation steht über allem;Vertragsverhandlungen sind das Wichtigste;b;Value 1: Individuals and interactions over processes and tools (Ref: Manifest für agile Softwareentwicklung).;;DE
Agiles Manifest 2;Welche Priorität setzt das Agile Manifest bezüglich Dokumentation?;Umfassende Dokumentation ist wichtiger als funktionierende Software;Funktionierende Software ist wichtiger als umfassende Dokumentation;Dokumentation ist unnötig;Software darf erst nach vollständiger Dokumentation erstellt werden;b;Value 2: Working software over comprehensive documentation (Ref: Manifest für agile Softwareentwicklung).;;DE
Agiles Manifest 3;Wie steht das Agile Manifest zur Zusammenarbeit mit dem Kunden?;Vertragsverhandlung ist wichtiger als Zusammenarbeit;Zusammenarbeit mit dem Kunden ist wichtiger als Vertragsverhandlung;Der Kunde sollte nicht gestört werden;Der Kunde darf nur am Ende testen;b;Value 3: Customer collaboration over contract negotiation (Ref: Manifest für agile Softwareentwicklung).;;DE
Agile Prinzipien;Wie stehen agile Prozesse zu Veränderungen im Projektverlauf?;Veränderungen sind zu vermeiden;Veränderungen (auch späte) werden zum Wettbewerbsvorteil des Kunden genutzt;Veränderungen führen zum Projektabbruch;Veränderungen sind nur am Anfang erlaubt;b;Prinzip 2: Agile Prozesse nutzen Veränderungen (selbst spät in der Entwicklung) zum Wettbewerbsvorteil des Kunden (Ref: Prinzipien der agilen Softwareentwicklung).;;DE
Extreme Programming (XP) Merkmal;Was versteht man bei XP unter "Programming in pairs"?;Ein Programmierer arbeitet an zwei Computern;Jeweils zwei Entwickler programmieren gemeinsam an einem Rechner;Programmierer arbeiten nur an geraden Tagen;Das Programmieren wird doppelt bezahlt;b;Jeweils zwei Entwickler programmieren gemeinsam („programming in pairs“) (Ref: XP (Extreme Programming)).;;DE
Extreme Programming (XP) Code;Was bedeutet "Collective Code Ownership" bei XP?;Der Code gehört dem Kunden allein;Der Code gehört dem Projektleiter;Jeder im Team darf jeden Code-Teil ändern (gemeinsamer Besitz);Der Code darf nicht geändert werden;b;Gemeinsamer Besitz von Code („collective code ownership“) ist ein wesentliches Merkmal (Ref: XP (Extreme Programming)).;;DE
Scrum Rollen;Welche Rolle ist in Scrum für die Beseitigung von Hindernissen zuständig?;Product Owner;Scrum Master;Stakeholder;Teamleiter;b;Der Scrum Master moderiert den Prozess und beseitigt Hindernisse (implizit in Grafik und Rolle "Scrum Master") (Ref: Scrum).;;DE
Scrum Prozess;Was ist ein "Sprint" in Scrum?;Ein kurzer Laufwettbewerb;Ein Arbeitszyklus von ca. 1-4 Wochen, der ein potentiell lieferbares Produkt erzeugt;Ein Meeting am Morgen;Die Abschlussphase des Projekts;b;Ein Sprint dauert ca. 1-4 Wochen und liefert ein potentiell „verschiffbares“ Produkt (Ref: Scrum).;;DE
Rechtliche Aspekte Agil;Warum ist die Kombination von agilen Methoden und Werkvertragsrecht problematisch?;Weil agile Methoden keine Verträge zulassen;Weil der geschuldete Leistungsumfang (das Werk) zu Beginn oft nicht exakt definiert ist (Unschärfe);Weil Werkverträge nur für Hardware gelten;Weil agile Teams nicht haften;b;Das Pflichtenheft / die Leistungsbeschreibung existiert häufig nur in rudimentärer Form, was die Definition des Werks erschwert (Ref: Betrachtung aus rechtlicher Sicht - Thesen (1)).;;DE
Dokumentation Agil;Welches rechtliche Risiko besteht bei agilen Projekten bezüglich der Dokumentation?;Es wird zu viel dokumentiert;Der Projektverlauf ist oft spärlich dokumentiert, was die Beweislage im Streitfall erschwert;Dokumentation ist gesetzlich verboten;Dokumentation führt automatisch zur Haftung;b;Der Projektverlauf ist häufig spärlich bis gar nicht dokumentiert  schwierige Beweislage (Ref: Betrachtung aus rechtlicher Sicht - Thesen (1)).;;DE
Werkvertrag vs. Agil;Welcher Standard wird oft herangezogen, wenn bei einem agilen Projekt keine detaillierte Spezifikation vorliegt?;Der höchste technische Standard;Der "mittlere Ausführungsstandard";Der niedrigste mögliche Standard;Der Standard des Kunden;b;Falls eine Abnahme vorgesehen ist, wird sehr stark der „mittlere Ausführungsstandard“ heranzuziehen sein (Ref: Betrachtung aus rechtlicher Sicht - Thesen (1)).;;DE
Change Request Agil;Ist ein Change Request Verfahren in agilen Projekten notwendig?;Nein, agile Projekte brauchen keine Formalitäten;Ja, auch agile Projekte brauchen ein Change Request Verfahren, um Budget/Zeit anzupassen;Nur bei öffentlichen Auftraggebern;Nein, Änderungen sind inklusive;b;Auch agile Projekte brauchen ein Change Request Verfahren (Ref: Betrachtung aus rechtlicher Sicht).;;DE
Werkvertrag Verantwortlichkeiten;Wer trägt beim klassischen Werkvertrag die Erfolgsverantwortung?;Der Auftraggeber;Der Auftragnehmer;Beide gemeinsam;Der externe Berater;b;Beim Werkvertrag ist der Auftragnehmer verantwortlich für den Erfolg (Ref: Klassische Entwicklungsprojekte (1)).;;DE
Abgrenzung Dienstvertrag;Was passiert rechtlich, wenn der Auftraggeber in einem "Werkvertrag" zu stark in die Ausführung eingreift (aktive Rolle)?;Der Vertrag wird automatisch teurer;Der Werkvertrag kann sich faktisch in einen Dienstvertrag wandeln (Verwässerung der Verantwortung);Der Auftraggeber erhält Schadensersatz;Das Projekt wird sofort gestoppt;b;Wenn der AG eine aktive Rolle übernimmt, kann sich der Werkvertrag in einen Dienstvertrag wandeln (Ref: Klassische Entwicklungsprojekte (2)).;;DE
Dienstvertrag Vergütung;Wie erfolgt die Vergütung typischerweise beim Dienstvertrag?;Pauschal als Festpreis;Nach Aufwand (Time & Material);Nur bei Erfolg;Gar nicht;b;Vergütung des Auftragnehmers i.d.R. nach Aufwand (Ref: Agile Entwicklungsprojekte (1)).;;DE
Risiko Agil (AG);Welches Risiko trägt der Auftraggeber bei agilen Projekten (Dienstvertragscharakter)?;Er zahlt zu wenig;Zahlung nach Aufwand ohne Garantie auf brauchbare Arbeitsergebnisse (keine Gewährleistung);Er muss die Software selbst programmieren;Er verliert seine Urheberrechte;b;Risiko für AG: Zahlung nach Aufwand, Arbeitsergebnisse evtl. nicht brauchbar, keine Gewährleistung (Ref: [22/23] Agile Entwicklungsprojekte (1)).;;DE
Projektmanagement Definition;Was umfasst Projektmanagement laut Folien?;Nur das Schreiben von Rechnungen;Organisation, Planung, Steuerung und Führungsaufgaben in Projekten;Nur das Testen der Software;Die Auswahl der Kantinenverpflegung;b;Projektmanagement umfasst Organisation, Planung und die Steuerung von Projekten sowie Führungsaufgaben (Ref: Projektmanagement - Was umfasst...).;;DE
PM Standards;Welches ist ein internationaler Projektmanagementstandard?;StVO;PMBoK (Project Management Body of Knowledge);DIN A4;ISO 9000;b;PMBoK, ICB, PRINCE2 sind genannte Standards (Ref: Projektmanagement - Internationale Standards).;;DE
Projektleiter Aufgaben;Was gehört NICHT primär zu den Aufgaben eines Projektleiters?;Koordinieren und Planen;Programmieren der Software-Module;Überwachen und Kontrollieren;Vertretung des Projekts nach außen;b;Aufgaben sind koordinieren, planen, überwachen, rekrutieren, vertreten, dokumentieren. Programmieren ist Fachtätigkeit. (Ref: Aufgaben eines Projektleiters).;;DE
Projekthandbuch;Welches Dokument pflegt der Projektleiter unter anderem?;Den privaten Kalender;Das Projekthandbuch;Die Bilanz des Unternehmens;Das Grundgesetz;b;Genannt werden Projekthandbuch, Projekttagebuch, Projektplan etc. (Ref: Unterlagen eines Projektleiters).;;DE
Erfolgsverantwortung & PL;Wer sollte bei einem Werkvertrag die Projektleitung innehaben?;Der Auftraggeber;Der Auftragnehmer (wegen der Erfolgsverantwortung);Ein externer Mediator;Das Los entscheidet;b;Da der Auftragnehmer die Erfolgsverantwortung hat, muss er auch die Projektleitung haben (Ref: Projektstruktur, Erfolgsverantwortung (1)).;;DE
Kooperation Gefahr;Warum ist eine "paritätische" Projektleitung ("Kooperation") bei Werkverträgen gefährlich?;Weil sie zu effizient ist;Weil sie die Erfolgsverantwortung des Auftragnehmers verwässert und den Werkvertragscharakter gefährdet;Weil es zu wenige Meetings gibt;Weil der Kunde dann alles bestimmt;b;Kooperation ist gefährlich wegen der Inkompatibilität mit der Erfolgsverantwortung beim Auftragnehmer (Ref: Projektstruktur, Erfolgsverantwortung (1)).;;DE
Gremienentscheidung;Wie sollten Entscheidungen in Projektgremien (z.B. Lenkungsausschuss) idealerweise getroffen werden?;Durch den Lautesten;Einmütig (Konsens);Durch Mehrheitsabstimmung;Durch Würfeln;b;In den Gremien wird einmütig entschieden (Ref: Mustervorschlag (1)).;;DE
Projektplanung Dauer;Welche Aussage zur Projektplanung ist korrekt?;Sie wird einmal am Anfang gemacht und gilt dann fix;Sie ist eine kontinuierliche Aktivität über das ganze Projekt hinweg;Sie braucht kaum Zeit;Sie wird erst am Ende gemacht;b;Die Projektplanung ist eine kontinuierliche Aktivität über das ganze Projekt hinweg (Ref: Projektplanung).;;DE
Projektplan Bestandteile;Was ist ein wesentlicher Bestandteil der Projektplanung neben Terminen?;Das Wetter;Ressourcenplanung (Wer macht was?) und Meilensteine;Die Farbe der Bürostühle;Die Pausenzeiten;b;Aktivitäten, Fristen, Personalaufbau, Ressourcen, Meilensteine (Ref: [33/34] Bestandteile einer Projektplanung).;;DE
Meilenstein Definition;Was ist ein Meilenstein nach DIN 69900-1?;Das Projektende;Ein Ereignis von besonderer Bedeutung;Ein Fehler im Projekt;Eine Kaffeepause;b;Nach DIN 69900-1: „Ein Ereignis von besonderer Bedeutung“ (Ref: Meilenstein).;;DE
Meilenstein Erreichung;Wie wird geprüft, ob ein Meilenstein erreicht ist?;Durch Zeitablauf;Durch ein Review des Projektergebnisses;Durch Abstimmung im Team;Automatisch;b;Wann gilt ein Meilenstein als erreicht?  Review des Projektergebnisses (Ref: Meilenstein).;;DE
Projekt-Kick-Off;Was sollte in einem Projekt-Kick-Off geklärt werden?;Das nächste Betriebsfest;Aufgaben, Rollen und Verantwortlichkeiten;Die privaten Hobbys der Teilnehmer;Die Farbe des Logos;b;In einem Projekt-Kick-Off müssen alle Aufgaben, Rollen und Verantwortlichkeiten klar gemacht werden (Ref: Tipps zum Projektmanagement (I)).;;DE
Change Control Board;Wofür ist ein Change Control Board (CCB) unerlässlich?;Für die Urlaubsplanung;Für die Handhabung von Änderungen (Change Requests);Für die Einstellung von Personal;Für die Auswahl der Kaffeemaschine;b;Für die Handhabung von Änderungen ist ein Change Control Board unerlässlich (Ref: Tipps zum Projektmanagement (II)).;;DE
Arbeiten auf Zuruf;Warum sollte ein Projektleiter nie auf "Zuruf" arbeiten?;Weil man es schlecht hört;Weil ein Projekt formal genehmigt und beauftragt sein muss (Verrechenbarkeit);Weil es unhöflich ist;Weil das Telefon kaputt ist;b;Arbeiten Sie als Projektleiter nie auf „Zuruf“ !  Ein Projekt muss formal genehmigt und beauftragt werden (Ref: Tipps zum Projektmanagement (I)).;;DE
Projektleiter und Vertrag;Wann sollte ein erfahrener Projektmanager idealerweise tätig werden?;Erst kurz vor Projektende;Bereits bei der Erstellung des IT-Projektvertrags;Erst wenn Probleme auftreten;Nur am Wochenende;b;Ein erfahrener Projektmanager wird bereits bei der Erstellung des IT-Projektvertrags tätig (Ref: Tipps zum Projektmanagement (II)).;;DE
Vorgehensmodell Anpassung;Warum ist die Anpassung eines Vorgehensmodells wichtig?;Damit es komplizierter aussieht;Um es an die juristischen Rahmenbedingungen und Projektumstände anzupassen;Damit niemand es versteht;Um Lizenzgebühren zu sparen;b;In aller Regel ist die Anpassung auf die juristischen Rahmenbedingungen erforderlich (Ref: [23/24] Zusammenfassung zu den Vorgehensmodellen).;;DE
Risikomanagement;In welche Phasen bzw. Bereiche spielt das Risikomanagement hinein?;Nur am Anfang;Es ist eine Querschnittsaufgabe (im V-Modell XT und PM allgemein);Nur am Ende;Gar nicht;b;Anleitungen für Querschnittsthemen wie Risikomanagement sind Teil von Vorgehensmodellen (Ref: Allgemeine Ansätze von Vorgehensmodellen).;;DE
V-Modell XT Produkte;Was bestimmt die detaillierte Projektplanung und -steuerung im V-Modell XT?;Der Zufall;Die Bearbeitung und Fertigstellung von Produkten (Projektergebnissen);Die Arbeitszeit der Mitarbeiter;Die Anzahl der E-Mails;b;Die detaillierte Projektplanung und -steuerung wird auf der Basis der Bearbeitung und Fertigstellung von Produkten durchgeführt (Ref: Kernpunkte der V-Modell ® XT Philosophie).;;DE
Agile Transparenz;Was benötigen agile Projekte laut rechtlicher Betrachtung besonders?;Geheimhaltung;Eine hohe Transparenzbereitschaft;Vollständige Dokumentation vorab;Keine Kommunikation;b;Agile Projekte brauchen eine hohe Transparenzbereitschaft (Ref: Betrachtung aus rechtlicher Sicht).;;DE
Abnahmekriterien Agil;Warum ist die Abnahme bei agilen Projekten oft schwierig?;Weil der Kunde nie zufrieden ist;Weil das Pflichtenheft oft nur rudimentär existiert und somit der Vergleichsmaßstab fehlt;Weil Software nie fertig wird;Weil Abnahmen verboten sind;b;Das Pflichtenheft / die Leistungsbeschreibung existiert häufig nur in rudimentärer Form  Kann überhaupt noch eine Abnahme der Leistungen erfolgen? (Ref: Betrachtung aus rechtlicher Sicht - Thesen (1)).;;DE
Werkvertrag vs. Dienstvertrag (Agil);Warum kann ein agiles Projekt ungewollt zum Dienstvertrag werden?;Wenn die Dokumentation zu gut ist;Wenn keine klare Trennung der Verantwortlichkeiten vorliegt und der AG aktiv steuert;Wenn der Preis feststeht;Wenn das Team zu klein ist;b;Keine klare Trennung der Verantwortlichkeiten, AG übernimmt aktive Rolle -> Dienstvertrag (Ref: Klassische Entwicklungsprojekte (2)).;;DE
Softwarekrise Ursache;Was führte historisch zur "Softwarekrise" und dem Ruf nach Vorgehensmodellen?;Zu viel Hardware;Mangel an qualifiziertem Personal und explodierende Kosten bei steigender Komplexität;Die Erfindung des Internets;Zu billige Software;b;Wegen Mangel an qualifiziertem Personal explodierten die Kosten; Verfahren mussten erfunden werden (Ref: [1/2] Warum wurde Softwareentwicklung schwieriger?).;;DE
Review Dauer;Wie lange kann ein Review eines Projektergebnisses in komplexen Umfeldern dauern?;Maximal 1 Stunde;Einen Tag;Gut 4 Wochen;Ein halbes Jahr;b;… kann in großen Projekten und komplexen Umfeldern gut 4 Wochen dauern! (Ref: Review eines Projektergebnisses).;;DE
Projekttagebuch;Wozu dient ein Projekttagebuch?;Für private Notizen;Zur Dokumentation des Projektverlaufs durch den Projektleiter;Für die Presse;Um Gedichte zu schreiben;b;Der Projektleiter pflegt unter anderem ein Projekttagebuch (Ref: Unterlagen eines Projektleiters).;;DE
Vorgehensmodelle;Vergleichen Sie das klassische Wasserfallmodell mit agilen Methoden (z.B. Scrum) hinsichtlich ihres Umgangs mit Anforderungen und Änderungen.;;;;;;Das Wasserfallmodell geht von festen, vorab definierten Phasen aus (Spezifikation -> Konstruktion -> Implementierung). Änderungen sind schwierig und teuer, da Phasen sequentiell abgeschlossen werden. Agile Methoden (Scrum) arbeiten iterativ in kurzen Zyklen (Sprints). Sie begrüßen Änderungen („Responding to change over following a plan“) und passen Anforderungen kontinuierlich an (Backlog Refinement), setzen aber eine hohe Transparenz und Mitwirkung voraus. (Ref: Wasserfall vs. [12/16] Agile Methoden/Scrum).;;DE
Rechtliche Risiken Agil;Erläutern Sie die rechtlichen Risiken beim Einsatz agiler Methoden im Rahmen eines Werkvertrags.;;;;;;Ein Werkvertrag setzt ein klar definiertes Werk (Erfolg) voraus. Agile Methoden starten oft mit unscharfen Anforderungen („Unfertiges Pflichtenheft“), was die Definition des geschuldeten „Erfolgs“ und damit die Abnahme erschwert. Wenn der Auftraggeber zudem stark steuernd eingreift (Product Owner), droht die Umdeutung in einen Dienstvertrag oder Arbeitnehmerüberlassung, da die Erfolgsverantwortung des Auftragnehmers verwässert wird. Zudem fehlt oft die Dokumentation für die Beweisführung bei Mängeln. (Ref: Betrachtung aus rechtlicher Sicht).;;DE
V-Modell XT;Beschreiben Sie die Grundphilosophie des V-Modell XT.;;;;;;Das V-Modell XT stellt die Projektergebnisse („Produkte“) in den Mittelpunkt. Jedes Produkt (z.B. Pflichtenheft, Code, Testprotokoll) hat definierte Anforderungen, Abhängigkeiten zu anderen Produkten und eine verantwortliche Rolle. Der Projektfortschritt wird anhand der Fertigstellung dieser Produkte gemessen. Es unterstützt zudem explizit die Schnittstelle zwischen Auftraggeber und Auftragnehmer durch definierte Übergabepunkte. (Ref: V-Modell XT).;;DE
Projektleitung Werkvertrag;Warum muss bei einem Werkvertrag die Projektleitung zwingend beim Auftragnehmer liegen?;;;;;;Gemäß BGB schuldet der Werkunternehmer einen Erfolg. Um diesen Erfolg garantieren zu können, muss er die volle Kontrolle über die Planung, Ressourceneinsatz und Durchführung haben. Würde der Auftraggeber die Leitung übernehmen, könnte der Auftragnehmer nicht mehr allein für das Ergebnis haftbar gemacht werden (Verwässerung der Verantwortung). Der AG hat lediglich eine Mitwirkungspflicht. (Ref: Projektstruktur, Erfolgsverantwortung).;;DE
Projektplanung;Nennen Sie fünf wesentliche Bestandteile einer umfassenden Projektplanung.;;;;;;1. Aktivitäten- und Fristenplan (Termine). 2. Ressourcen-/Personalaufbauplan (Wer?). 3. Meilensteine mit Prüfkriterien. 4. Qualitätssicherungsplan (Tests). 5. Kostenplan. 6. Risikoanalyse. 7. Mitwirkungsleistungen des Auftraggebers. (Ref: Bestandteile einer Projektplanung).;;DE
